#stripid,cmsswid,FED,CCU,VFE
8264,872425902,601,14,2
8272,872425901,601,21,2
8328,872426287,601,15,5
8336,872426033,601,14,1
8392,872426291,601,7,5
8400,872426035,601,6,1
8456,872425912,602,30,1
8464,872425911,601,6,2
8520,872425390,601,13,2
8528,872425646,601,14,4
8584,872425776,601,14,3
8592,872425648,601,14,5
8600,872425393,601,13,1
8648,872425779,601,6,3
8656,872425651,601,6,5
8664,872425395,601,5,1
8712,872425654,601,6,4
8720,872425397,601,5,2
8776,872425134,601,13,3
8784,872425006,601,13,5
8840,872425010,601,13,4
8904,872425011,601,5,4
8968,872425141,601,5,3
8976,872425012,601,5,5
9032,872424624,601,12,1
9096,872424626,601,12,2
9160,872424627,601,4,1
9224,872424629,601,4,2
9288,872424366,601,12,5
9296,872423983,601,11,2
9352,872424369,601,12,4
9360,872423985,601,11,3
9416,872424371,601,4,4
9424,872423987,601,3,1
9480,872424373,601,4,5
9488,872423989,601,3,2
9608,872423729,601,11,4
9736,872423731,601,3,4
9864,872423472,601,10,1
9872,872423217,601,10,3
9992,872423475,602,32,1
10000,872423219,602,32,3
16456,872425913,602,30,2
16464,872425785,602,30,4
16520,872426045,602,22,2
16528,872425660,602,30,3
16536,872425661,602,22,4
16584,872425791,602,22,3
16592,872425662,602,22,5
16648,872425666,602,15,5
16656,872425410,602,14,1
16712,872425656,602,30,5
16720,872425400,602,29,1
16776,872425402,602,29,2
16840,872425405,602,21,1
16848,872425277,602,21,3
16904,872425280,602,21,2
16912,872425024,602,21,4
16968,872425016,602,29,4
17032,872425146,602,29,3
17040,872425017,602,29,5
17096,872425021,602,21,5
17104,872424637,602,20,1
17160,872424639,602,20,2
17224,872424376,602,28,4
17232,872424503,601,4,3
17288,872424761,602,28,1
17296,872424377,602,28,3
17352,872424635,602,28,2
17360,872424378,602,28,5
17416,872424381,602,20,4
17480,872423991,601,3,3
17544,872423992,602,27,1
17608,872423994,602,27,2
17672,872423867,602,27,3
17800,872423733,601,3,5
17928,872423864,602,27,4
17936,872423736,602,27,5
17944,872423481,602,26,1
18056,872423349,602,32,2
18064,872423221,602,32,4
18184,872423096,602,26,4
24648,872425412,602,14,2
24656,872425156,602,14,3
24712,872425287,602,8,2
24720,872425031,602,8,4
24776,872425032,602,8,5
24784,872424777,602,7,1
24840,872424524,603,29,2
24848,872424522,602,7,3
24904,872425026,602,14,4
24968,872425028,602,14,5
24976,872424773,602,13,1
25032,872424647,602,7,2
25040,872424391,602,7,4
25096,872424393,602,7,5
25160,872424770,602,13,2
25168,872424513,602,20,3
25224,872424514,602,13,3
25232,872424386,602,13,5
25288,872424389,602,13,4
25296,872424132,602,12,1
25352,872424135,603,32,1
25360,872423878,602,12,3
25416,872424383,602,20,5
25424,872424126,602,19,1
25480,872424000,602,19,2
25544,872424002,602,12,2
25552,872423746,602,12,4
25608,872423747,602,12,5
25672,872423869,602,19,3
25736,872423741,602,19,4
25800,872423743,602,19,5
25808,872423486,602,18,1
25864,872423362,603,33,2
25872,872423360,602,18,2
25992,872423355,602,26,2
26120,872423357,602,18,3
26128,872423101,602,18,4
26248,872423225,602,26,3
26256,872423098,602,26,5
26264,872422970,602,3,5
26376,872422716,602,25,5
32840,872424525,603,29,4
32848,872424396,603,29,5
32904,872424142,603,28,1
32912,872423886,603,28,3
32968,872423761,603,25,4
32976,872423759,603,28,4
33032,872423505,603,24,1
33040,872423249,603,24,3
33096,872424011,603,32,2
33104,872424012,603,28,2
33160,872423756,603,28,5
33224,872423628,603,27,1
33232,872423373,603,27,2
33288,872423246,603,27,3
33296,872423118,603,27,5
33352,872423879,603,32,3
33360,872423751,603,32,5
33416,872423754,603,32,4
33424,872423497,603,31,1
33480,872423369,603,31,3
33544,872423116,603,27,4
33552,872423113,603,31,5
33608,872423492,603,33,1
33672,872423367,603,31,2
33680,872423237,603,33,3
33736,872423111,603,31,4
33800,872422983,603,14,1
33808,872422727,603,14,2
33864,872423106,603,33,4
33928,872423107,603,33,5
33992,872422851,603,15,1
34056,872422724,603,15,3
34184,872423103,602,18,5
34192,872422847,603,16,2
34312,872422722,603,15,2
34320,872422465,603,16,4
34328,872422466,603,15,4
34440,872422845,603,16,1
34448,872422590,603,16,3
34568,872422461,603,16,5
41032,872423250,603,24,4
41040,872423121,603,24,5
41048,872422993,603,8,1
41096,872422738,603,8,2
41104,872422610,603,8,3
41160,872422483,603,8,5
41168,872422228,603,4,1
41224,872421846,603,3,5
41232,872421844,603,4,4
41288,872422735,603,13,2
41352,872422481,603,8,4
41360,872422479,603,13,4
41416,872422225,603,4,2
41424,872422095,603,9,2
41480,872421969,603,4,3
41488,872421839,603,9,4
41496,872421841,603,4,5
41544,872422860,603,13,1
41552,872422604,603,13,3
41608,872422476,603,13,5
41672,872422220,603,9,1
41680,872421964,603,9,3
41736,872421836,603,9,5
41800,872422728,603,14,3
41808,872422599,603,14,4
41864,872422471,603,14,5
41872,872422217,603,10,1
41928,872422089,603,10,3
41992,872421833,603,10,5
42056,872422468,603,15,5
42120,872422213,603,11,1
42184,872422087,603,10,2
42192,872421957,603,11,3
42248,872421831,603,10,4
42256,872421828,603,11,5
42376,872422082,603,11,2
42504,872421826,603,11,4
42632,872422206,603,12,1
42640,872422078,603,12,2
42760,872421950,603,12,3
42768,872421822,603,12,4
49224,872421334,604,3,5
49232,872421461,604,4,4
49288,872421203,604,4,1
49296,872420948,604,8,5
49352,872420818,604,8,3
49360,872420690,604,8,2
49416,872420561,604,8,1
49424,872420433,604,24,5
49432,872420180,604,24,4
49480,872421585,604,4,5
49488,872421456,604,9,4
49496,872421457,604,4,3
49544,872421199,604,9,2
49552,872421201,604,4,2
49608,872420689,604,8,4
49616,872420816,604,13,4
49672,872420559,604,13,2
49736,872421581,604,9,5
49800,872421324,604,9,3
49808,872421196,604,9,1
49864,872420941,604,13,5
49928,872420684,604,13,3
49936,872420556,604,13,1
49992,872421578,604,10,5
50056,872421322,604,10,3
50120,872421192,604,10,1
50128,872421063,604,14,5
50184,872420935,604,14,4
50192,872420683,604,14,3
50248,872421575,604,10,4
50256,872421572,604,11,5
50312,872421316,604,11,3
50320,872421191,604,10,2
50376,872421188,604,11,1
50440,872420933,604,15,5
50568,872421443,604,11,4
50696,872421186,604,11,2
50824,872421566,604,12,4
50832,872421440,604,12,3
50952,872421310,604,12,2
50960,872421182,604,12,1
57416,872420049,604,24,3
57424,872419921,604,24,1
57480,872419409,604,25,4
57488,872419536,604,28,4
57544,872419406,604,28,3
57552,872419278,604,28,1
57608,872419148,604,29,5
57616,872418893,604,29,4
57672,872420048,604,27,3
57680,872420302,604,27,5
57736,872420044,604,27,2
57744,872419916,604,27,1
57800,872419660,604,28,5
57864,872419276,604,28,2
57872,872419274,604,32,2
57928,872420172,604,27,4
57936,872420298,604,31,5
57992,872420042,604,31,3
58056,872419912,604,31,1
58064,872419530,604,32,4
58120,872419655,604,32,5
58128,872419401,604,32,3
58184,872420679,604,14,2
58192,872420551,604,14,1
58248,872420295,604,31,4
58312,872420038,604,33,3
58320,872419911,604,31,2
58376,872419908,604,33,1
58440,872420677,604,15,3
58504,872420548,604,15,1
58568,872420292,604,33,5
58632,872420163,604,33,4
58760,872420930,604,15,4
58768,872420800,604,16,4
58776,872420546,604,15,2
58888,872420544,604,16,2
59016,872420925,604,16,5
59144,872420797,604,16,3
59152,872420796,605,3,5
59160,872420541,604,16,1
65608,872418636,604,29,2
65616,872418635,605,7,2
65672,872418378,605,8,5
65680,872418632,605,7,1
65736,872417991,605,8,2
65744,872418247,605,8,4
65800,872417989,605,14,2
65808,872418243,605,14,3
65864,872419015,605,7,4
65872,872419143,605,7,5
65928,872418631,605,7,3
65992,872418373,605,14,5
66000,872418628,605,13,1
66056,872418242,605,14,4
66120,872419270,605,12,3
66128,872419271,604,32,1
66184,872418886,605,13,4
66192,872419267,605,12,1
66248,872418882,605,13,3
66256,872419010,605,13,5
66312,872418626,605,13,2
66320,872418625,605,20,3
66376,872419778,605,12,5
66384,872419523,605,12,4
66440,872419266,605,12,2
66504,872419265,605,19,2
66568,872419007,605,20,5
66576,872419262,605,19,1
66632,872420033,605,18,3
66640,872419906,604,33,2
66696,872419648,605,19,5
66704,872419903,605,18,1
66760,872419519,605,19,4
66824,872419261,605,19,3
66952,872420158,605,18,4
66960,872420413,605,18,5
67080,872419901,605,18,2
67088,872419899,605,26,2
67208,872420538,605,25,5
67336,872420153,605,26,3
67344,872420281,605,26,5
73800,872417730,605,15,5
73808,872417986,605,14,1
73864,872417599,605,22,3
73872,872417727,605,22,5
73928,872417341,605,22,2
73936,872417340,605,30,3
73944,872417597,605,22,4
73992,872417338,605,30,1
74000,872417593,605,30,4
74056,872417985,605,21,2
74064,872418367,605,21,4
74120,872417981,605,21,1
74128,872418109,605,21,3
74184,872417979,605,29,2
74248,872417720,605,30,5
74256,872417976,605,29,1
74312,872418623,605,20,1
74376,872418365,605,21,5
74384,872418621,605,20,2
74440,872418234,605,29,3
74448,872418362,605,29,5
74504,872418232,605,29,4
74568,872418878,605,20,4
74632,872418620,605,28,2
74640,872419003,605,28,5
74696,872418617,605,28,1
74704,872418873,605,28,3
74760,872418616,605,28,4
74768,872418615,606,4,3
74824,872419260,605,27,3
74888,872419258,605,27,1
74952,872419256,605,27,2
75016,872419254,606,3,1
75144,872419513,605,27,4
75152,872419768,605,27,5
75160,872419896,605,26,1
75272,872419638,606,3,5
75400,872420024,605,26,4
75528,872419894,605,32,2
75536,872420149,605,32,4
81992,872417336,605,30,2
82000,872417334,606,6,2
82056,872417075,606,7,5
82064,872417331,606,6,1
82120,872417074,606,15,5
82128,872417328,606,14,1
82184,872417326,606,14,2
82192,872417324,606,21,1
82248,872417974,606,5,2
82256,872417590,606,6,4
82312,872417461,606,6,3
82320,872417715,606,6,5
82328,872417971,606,5,1
82376,872417456,606,14,3
82384,872417712,606,14,5
82392,872417968,606,13,1
82440,872417583,606,14,4
82448,872417966,606,13,2
82504,872418229,606,5,3
82512,872418357,606,5,5
82568,872418227,606,5,4
82632,872418225,606,13,4
82696,872418222,606,13,3
82704,872418350,606,13,5
82760,872418613,606,4,1
82824,872418611,606,4,2
82888,872418609,606,12,1
82952,872418607,606,12,2
83016,872418997,606,4,5
83024,872419253,606,3,2
83080,872418868,606,4,4
83088,872419251,606,3,3
83144,872418865,606,12,4
83152,872419249,606,11,1
83208,872418991,606,12,5
83216,872419248,606,11,2
83336,872419635,606,3,4
83464,872419632,606,11,4
83592,872419891,605,32,1
83600,872420019,605,32,3
83720,872419888,606,10,1
83728,872420016,606,10,3
90184,872417322,606,21,2
90192,872417578,606,21,4
90248,872417321,606,21,3
90256,872417319,606,27,2
90264,872417575,606,27,4
90312,872417572,606,27,3
90320,872417700,606,27,5
90376,872417699,606,31,5
90384,872417953,607,7,1
90440,872417709,606,21,5
90448,872417963,606,20,1
90504,872417961,606,20,2
90568,872417957,606,26,1
90576,872418086,606,26,3
90632,872417956,606,26,2
90640,872418340,606,26,4
90696,872418220,606,20,4
90760,872418217,606,20,3
90768,872418345,606,20,5
90824,872418343,606,26,5
90832,872418599,606,25,1
90888,872418597,606,25,2
90952,872418606,606,12,3
90960,872418605,606,19,4
91016,872418602,606,19,1
91024,872418859,606,19,3
91080,872418601,606,19,2
91088,872418985,606,19,5
91144,872418855,606,25,4
91208,872419246,606,11,3
91272,872419244,606,18,1
91336,872419242,606,18,2
91400,872419241,606,18,3
91528,872419630,606,11,5
91656,872419500,606,18,4
91664,872419753,606,18,5
91672,872419883,607,1,1
91784,872419886,606,10,2
91792,872420142,606,10,4
91912,872420013,607,1,4
98376,872417951,607,7,2
98384,872418207,607,7,3
98440,872417950,607,11,2
98448,872418204,607,11,4
98504,872418331,607,11,5
98512,872418586,607,10,1
98568,872418585,607,17,2
98576,872418714,607,10,3
98632,872418211,607,7,4
98696,872418335,607,7,5
98704,872418591,607,6,1
98760,872418589,607,10,2
98768,872418845,607,10,4
98824,872418844,607,10,5
98888,872418596,606,25,3
98896,872418594,607,6,2
98952,872418848,607,6,3
98960,872418977,607,6,5
99016,872418847,607,6,4
99024,872419231,607,5,1
99080,872419228,607,9,1
99088,872419359,607,5,3
99144,872418981,606,25,5
99152,872419237,607,3,1
99208,872419236,607,3,2
99272,872419235,607,5,2
99280,872419489,607,5,4
99336,872419616,607,5,5
99400,872419240,607,3,3
99464,872419494,607,3,4
99528,872419620,607,3,5
99536,872419877,607,2,1
99592,872419876,607,2,2
99600,872419874,607,4,2
99720,872419881,607,1,2
99848,872419880,607,2,3
99856,872420262,607,2,4
99976,872420137,607,1,3
99984,872420265,607,1,5
99992,872420523,607,21,1
100104,872420521,607,14,1
106568,872418839,607,17,4
106576,872419093,607,17,5
106632,872419221,607,16,1
106640,872419349,607,16,3
106696,872419348,607,23,4
106704,872419477,607,16,4
106760,872419858,607,22,1
106768,872419986,607,22,3
106824,872419224,607,16,2
106832,872419226,607,9,2
106888,872419608,607,16,5
106952,872419861,607,15,1
106960,872419990,607,15,2
107016,872419989,607,15,3
107024,872420245,607,15,5
107080,872419356,607,9,3
107088,872419612,607,9,5
107144,872419483,607,9,4
107152,872419866,607,8,1
107208,872419994,607,8,3
107272,872420121,607,15,4
107280,872420250,607,8,5
107336,872419871,607,4,1
107400,872419870,607,8,2
107408,872419999,607,4,3
107464,872420252,607,8,4
107528,872420506,608,4,1
107536,872420635,608,4,2
107592,872420129,607,4,4
107656,872420257,607,4,5
107720,872420511,607,33,1
107784,872420639,607,33,3
107912,872420260,607,2,5
107920,872420516,607,32,2
108040,872420514,607,33,2
108048,872420772,607,32,4
108056,872420897,607,33,4
108168,872420518,607,32,1
108176,872420774,607,32,3
108296,872420904,607,32,5
114760,872420113,607,22,4
114768,872420368,607,22,5
114776,872420496,608,10,1
114824,872420624,608,10,2
114832,872420752,608,10,3
114888,872420880,608,10,5
114896,872421136,608,14,1
114952,872421263,608,15,5
114960,872421392,608,14,4
115016,872420501,608,5,2
115080,872420628,608,10,4
115088,872420757,608,5,4
115144,872421141,608,9,2
115152,872421139,608,14,2
115208,872421397,608,9,4
115216,872421393,608,14,3
115224,872421522,608,14,5
115272,872420503,608,5,1
115280,872420631,608,5,3
115336,872420887,608,5,5
115400,872421143,608,9,1
115408,872421271,608,9,3
115464,872421527,608,9,5
115528,872420634,608,4,3
115536,872420890,608,4,4
115592,872421018,608,4,5
115600,872421146,608,8,1
115656,872421274,608,8,3
115720,872421530,608,8,5
115784,872420895,607,33,5
115848,872421151,608,7,1
115912,872421150,608,8,2
115920,872421281,608,7,3
115976,872421535,608,7,5
115984,872421532,608,8,4
116104,872421154,608,7,2
116232,872421410,608,7,4
116360,872421156,608,6,1
116368,872421284,608,6,2
116488,872421412,608,6,3
116496,872421540,608,6,4
122952,872421776,608,38,4
122960,872421774,608,39,5
123016,872422160,608,38,1
123024,872422416,608,34,5
123080,872422546,608,34,3
123088,872422672,608,34,2
123144,872422928,608,34,1
123152,872423056,609,22,5
123160,872423184,609,22,4
123208,872421781,608,33,4
123216,872421778,608,38,5
123224,872421906,608,38,3
123272,872422038,608,33,2
123280,872422162,608,38,2
123336,872422421,608,29,4
123344,872422419,608,34,4
123400,872422678,608,29,2
123464,872421783,608,33,5
123528,872421913,608,33,3
123536,872422167,608,33,1
123592,872422423,608,29,5
123656,872422553,608,29,3
123664,872422807,608,29,1
123720,872421786,608,32,5
123784,872422042,608,32,3
123848,872422172,608,32,1
123856,872422426,608,28,5
123912,872422554,608,28,4
123920,872422682,608,28,3
123976,872421791,608,31,5
123984,872421789,608,32,4
124040,872421920,608,31,3
124048,872422045,608,32,2
124104,872422175,608,31,1
124168,872422431,609,33,5
124296,872421794,608,31,4
124424,872422051,608,31,2
124552,872421796,608,30,4
124560,872421924,608,30,3
124680,872422054,608,30,2
124688,872422180,608,30,1
131144,872423188,609,22,3
131152,872423442,609,22,1
131208,872423701,609,16,4
131216,872423699,609,23,4
131272,872423831,609,16,3
131280,872424085,609,16,1
131336,872424341,609,17,5
131344,872424470,609,17,4
131400,872423189,609,15,3
131408,872423061,609,15,5
131464,872423320,609,15,2
131472,872423573,609,15,1
131528,872423703,609,16,5
131592,872423962,609,9,2
131600,872423961,609,16,2
131656,872423066,609,8,5
131664,872423064,609,15,4
131720,872423322,609,8,3
131784,872423452,609,8,1
131792,872423706,609,9,4
131848,872423708,609,9,5
131856,872423836,609,9,3
131912,872422686,608,28,2
131920,872422938,608,28,1
131976,872423069,609,8,4
132040,872423199,609,4,3
132048,872423325,609,8,2
132104,872423456,609,4,1
132168,872422687,609,33,3
132232,872422817,609,33,1
132296,872423071,609,4,5
132360,872423075,609,4,4
132488,872422436,609,32,4
132496,872422434,609,33,4
132504,872422690,609,33,2
132616,872422820,609,32,2
132744,872422437,609,32,5
132872,872422566,609,32,3
132880,872422697,609,21,1
132888,872422823,609,32,1
139336,872424473,609,17,2
139344,872424602,609,10,2
139400,872424986,609,11,5
139408,872424732,609,10,1
139464,872425244,609,11,2
139472,872424990,609,11,4
139528,872425375,609,7,2
139536,872425121,609,7,3
139592,872424474,609,10,4
139600,872424346,609,10,5
139656,872424604,609,10,3
139720,872424991,609,7,5
139728,872424735,609,6,1
139784,872424994,609,7,4
139848,872423839,609,5,3
139856,872424093,609,9,1
139912,872424351,609,6,4
139920,872424096,609,5,1
139976,872424481,609,6,3
139984,872424353,609,6,5
140040,872424484,601,25,3
140048,872424737,609,6,2
140104,872423711,609,5,5
140112,872423840,609,5,4
140168,872423843,609,5,2
140232,872423972,609,3,2
140296,872424356,601,25,5
140304,872424102,609,3,1
140360,872423204,609,2,3
140368,872423331,609,4,2
140424,872423716,609,3,5
140432,872423461,609,2,1
140488,872423719,609,3,4
140552,872423848,609,3,3
140680,872423206,609,2,4
140688,872423076,609,2,5
140808,872423338,609,1,2
140816,872423336,609,2,2
140936,872422825,609,14,1
141064,872423209,609,1,3
141072,872423081,609,1,5
147528,872425632,601,31,5
147536,872425378,609,7,1
147592,872425764,601,27,3
147600,872425636,601,27,5
147656,872425641,601,21,3
147664,872426022,601,27,2
147672,872425640,601,27,4
147720,872425898,601,21,1
147728,872425770,601,21,4
147784,872425252,601,26,2
147792,872424996,601,26,4
147848,872425382,601,26,1
147856,872425254,601,26,3
147912,872425385,601,20,2
147976,872425642,601,21,5
147984,872425388,601,20,1
148040,872424614,601,25,1
148104,872424998,601,26,5
148112,872424616,601,25,2
148168,872425129,601,20,3
148176,872425001,601,20,5
148232,872425005,601,20,4
148296,872424359,601,25,4
148360,872424617,601,19,2
148368,872424361,601,19,5
148424,872424747,601,19,1
148432,872424364,601,19,3
148488,872424494,601,12,3
148496,872424365,601,19,4
148552,872423850,601,18,3
148616,872423979,601,18,1
148680,872423981,601,18,2
148744,872423982,601,11,1
148872,872423849,601,18,4
148880,872423721,601,18,5
148888,872423467,609,1,1
149000,872423726,601,11,5
149128,872423084,609,1,4
149256,872423342,601,10,2
149264,872423214,601,10,4
155720,872427946,601,24,1
155728,872427818,601,24,2
155736,872427562,601,24,3
155784,872428078,601,17,1
155792,872427950,601,17,2
155800,872427822,601,17,3
155848,872428083,601,9,1
155856,872427955,601,9,2
155864,872427827,601,9,3
155912,872427960,601,2,1
155920,872427832,601,2,2
155928,872427579,601,2,3
155976,872427563,601,24,5
155984,872427182,601,16,2
155992,872427308,601,23,1
156040,872427694,601,17,4
156048,872427566,601,17,5
156056,872427312,601,16,1
156104,872427699,601,9,4
156112,872427571,601,9,5
156120,872427316,601,8,1
156168,872427576,601,2,5
156176,872427320,601,1,1
156184,872427191,601,8,2
156232,872427051,601,23,3
156240,872426926,601,16,4
156248,872426923,601,23,5
156256,872426668,601,22,1
156296,872427056,601,16,3
156304,872426928,601,16,5
156312,872426798,601,15,1
156360,872427059,601,8,3
156368,872426931,601,8,5
156376,872426803,601,7,1
156424,872427064,601,1,3
156432,872426934,601,8,4
156440,872426936,601,1,5
156448,872426680,602,31,1
156488,872426286,601,15,4
156496,872426285,601,22,4
156552,872426543,601,15,2
156560,872426416,601,15,3
156616,872426547,601,7,2
156624,872426420,601,7,3
156680,872426295,601,7,4
156688,872426296,602,31,4
163912,872427580,601,2,4
163920,872427581,602,25,4
163976,872427584,602,25,3
164040,872427333,602,17,1
164104,872427463,602,11,1
164112,872427335,602,11,2
164120,872426955,602,11,3
164168,872427197,602,24,2
164176,872427196,601,1,2
164232,872427074,602,17,2
164240,872427327,602,24,1
164248,872427072,602,24,3
164296,872427203,602,17,3
164304,872427075,602,17,4
164312,872426946,602,17,5
164360,872427079,602,11,4
164368,872426951,602,11,5
164376,872426695,602,10,1
164424,872426941,602,24,4
164432,872426939,601,1,4
164440,872426682,602,31,2
164488,872426943,602,24,5
164496,872426813,602,23,1
164504,872426685,602,23,2
164552,872426690,602,16,1
164560,872426562,602,16,3
164616,872426565,602,16,2
164624,872426311,602,10,4
164632,872426309,602,16,4
164680,872426426,602,31,3
164688,872426297,602,31,5
164744,872426429,602,23,3
164752,872426301,602,23,5
164808,872426304,602,23,4
164816,872426306,602,16,5
164824,872426048,602,22,1
164872,872426178,602,15,1
164880,872425922,602,15,2
164888,872425795,602,15,3
172104,872426956,602,25,1
172168,872426958,602,25,2
172176,872426576,602,6,1
172232,872426324,602,3,3
172296,872425943,602,3,1
172360,872426572,602,6,2
172368,872426697,602,10,2
172376,872426442,602,10,3
172424,872426444,602,6,4
172432,872426316,602,6,5
172440,872426062,602,5,1
172448,872426573,602,6,3
172488,872426321,602,3,4
172496,872426065,602,2,1
172504,872425808,602,5,3
172512,872425937,602,2,3
172552,872425940,602,2,2
172560,872425686,602,3,2
172568,872425809,602,2,4
172576,872425681,602,2,5
172584,872425427,602,1,1
172616,872426312,602,10,5
172624,872426055,602,9,1
172632,872425928,602,9,2
172680,872425932,602,5,2
172688,872425803,602,9,3
172744,872425804,602,5,4
172752,872425676,602,5,5
172760,872425422,602,4,1
172808,872425297,602,1,2
172816,872425168,602,4,3
172824,872425041,602,1,4
172872,872425670,602,15,4
172880,872425671,602,9,4
172936,872425673,602,9,5
172944,872425417,602,8,1
173000,872425292,602,4,2
173008,872425163,602,8,3
173016,872425036,602,4,4
173064,872425038,602,4,5
173072,872424782,603,29,1
180296,872425307,603,30,3
180304,872425306,603,23,1
180360,872425051,603,30,4
180424,872424923,603,19,1
180432,872424669,603,19,2
180440,872424414,603,19,4
180488,872424031,603,18,2
180552,872425173,602,1,3
180560,872425046,603,23,4
180568,872425430,603,23,2
180576,872425302,603,23,3
180616,872425048,603,23,5
180624,872424791,603,22,1
180632,872424664,603,22,2
180680,872424539,603,19,3
180688,872424409,603,22,4
180696,872424411,603,19,5
180744,872424155,603,18,1
180752,872424027,603,18,3
180760,872423771,603,18,4
180808,872425043,602,1,5
180816,872424787,603,26,1
180872,872424534,603,22,3
180880,872424659,603,26,3
180888,872424404,603,26,4
180936,872424406,603,22,5
180944,872424278,603,21,1
180952,872424023,603,21,2
181000,872423896,603,21,3
181008,872423768,603,21,5
181064,872424657,603,26,2
181072,872424528,603,29,3
181128,872424401,603,26,5
181136,872424146,603,25,1
181192,872424018,603,25,2
181200,872423890,603,25,3
181208,872423763,603,25,5
181256,872423766,603,21,4
181264,872423510,603,20,1
181272,872423381,603,24,2
188488,872423393,603,30,1
188552,872423136,603,30,2
188560,872423008,603,5,1
188616,872422880,603,5,2
188624,872422626,603,5,3
188632,872422498,603,5,5
188680,872422242,603,1,1
188688,872421986,603,1,3
188696,872421858,603,1,5
188744,872423772,603,18,5
188752,872423516,603,17,1
188760,872423389,603,17,3
188808,872423133,603,17,5
188816,872422878,603,6,1
188872,872422496,603,5,4
188880,872422494,603,6,4
188888,872422238,603,2,1
188936,872422112,603,1,2
188944,872421856,603,1,4
188952,872421855,603,2,4
189000,872423387,603,17,2
189008,872423385,603,20,2
189016,872423129,603,20,4
189064,872423131,603,17,4
189072,872422875,603,6,2
189080,872422745,603,7,2
189128,872422619,603,6,3
189136,872422489,603,7,4
189144,872422491,603,6,5
189152,872422235,603,2,2
189192,872421850,603,3,2
189200,872421979,603,2,3
189208,872421851,603,2,5
189256,872423254,603,20,3
189264,872423126,603,20,5
189320,872422870,603,7,1
189328,872422614,603,7,3
189384,872422486,603,7,5
189392,872422231,603,3,1
189448,872422103,603,3,3
189456,872421848,603,3,4
196680,872421602,604,1,5
196688,872421346,604,1,3
196696,872421218,604,1,1
196744,872420962,604,5,5
196752,872420833,604,5,3
196760,872420704,604,5,2
196808,872420576,604,5,1
196816,872420192,604,30,2
196872,872419936,604,30,1
196936,872421472,604,1,4
196944,872421470,604,2,4
196952,872421216,604,1,2
197000,872421213,604,2,1
197008,872420832,604,5,4
197016,872420831,604,6,4
197064,872420573,604,6,1
197072,872420318,604,17,5
197128,872420060,604,17,3
197136,872419933,604,17,1
197144,872419679,604,18,5
197192,872421595,604,2,5
197200,872421210,604,3,2
197208,872421467,604,2,3
197256,872421211,604,2,2
197264,872420955,604,6,5
197272,872420826,604,7,4
197280,872420827,604,6,3
197320,872420569,604,7,2
197328,872420571,604,6,2
197336,872420315,604,17,4
197384,872420185,604,20,4
197392,872419931,604,17,2
197400,872419929,604,20,2
197448,872421591,604,3,4
197456,872421336,604,3,3
197512,872421206,604,3,1
197520,872420951,604,7,5
197576,872420694,604,7,3
197584,872420566,604,7,1
197640,872420310,604,20,5
197648,872420055,604,20,3
204872,872419294,604,18,2
204936,872418909,604,19,4
204944,872418781,604,19,2
204952,872418651,604,19,1
205000,872418268,604,30,4
205064,872418011,604,30,3
205072,872418008,604,23,1
205128,872419291,604,18,1
205136,872419675,604,18,4
205144,872419419,604,18,3
205192,872419035,604,19,5
205200,872418906,604,22,4
205208,872418779,604,19,3
205256,872418775,604,22,2
205264,872418647,604,22,1
205272,872418393,604,23,5
205320,872418390,604,23,4
205328,872418132,605,1,3
205336,872418134,604,23,3
205344,872418006,604,23,2
205384,872419672,604,21,5
205392,872419418,604,21,3
205448,872419414,604,21,2
205456,872419286,604,21,1
205464,872419031,604,22,5
205512,872419027,604,26,4
205520,872418646,604,22,3
205528,872418772,604,26,3
205576,872418642,604,26,1
205584,872418387,605,1,5
205640,872419924,604,24,2
205648,872419926,604,20,1
205656,872419542,604,21,4
205704,872419666,604,25,5
205712,872419538,604,25,3
205720,872419285,604,25,2
205768,872419281,604,25,1
205776,872419025,604,26,5
205832,872418640,604,29,3
205840,872418641,604,26,2
213064,872417366,605,3,1
213128,872417107,605,3,3
213192,872416463,605,25,2
213200,872416718,605,6,1
213256,872416460,605,25,1
213320,872418002,605,1,1
213328,872417622,605,3,2
213336,872417747,605,2,5
213344,872417493,605,2,3
213384,872417105,605,3,4
213392,872417361,605,2,1
213400,872417360,605,5,3
213408,872417489,605,2,2
213416,872417617,605,2,4
213448,872416846,605,6,3
213456,872417100,605,6,4
213464,872417228,605,6,5
213472,872417357,605,5,1
213512,872416716,605,6,2
213520,872416714,605,10,2
213528,872416969,605,10,3
213576,872418257,605,1,4
213584,872418000,605,4,3
213592,872418001,605,1,2
213640,872417614,605,5,4
213648,872417868,605,5,5
213656,872417997,605,4,1
213704,872417356,605,5,2
213712,872417355,605,9,3
213768,872417097,605,10,5
213776,872417351,605,9,1
213784,872417479,605,9,2
213832,872418637,604,29,1
213840,872418508,605,4,5
213848,872418254,605,4,4
213896,872417996,605,4,2
213904,872418122,605,8,3
213960,872417737,605,9,5
213968,872417992,605,8,1
214024,872417478,605,15,4
214032,872417607,605,9,4
221256,872416071,605,11,1
221264,872416199,605,11,2
221272,872416329,605,11,3
221320,872416068,605,17,1
221384,872415807,605,25,3
221448,872415420,606,2,4
221456,872415805,605,25,4
221512,872416711,605,10,1
221520,872416327,605,11,4
221528,872416455,605,11,5
221576,872416195,605,17,3
221584,872416323,605,17,4
221592,872416578,605,17,5
221640,872416066,605,17,2
221648,872416063,605,24,1
221656,872416191,605,24,3
221704,872416061,605,24,2
221712,872416059,606,1,2
221768,872416710,605,16,2
221776,872416967,605,10,4
221784,872417092,605,16,4
221832,872416706,605,16,1
221840,872416834,605,16,3
221896,872416447,605,24,5
221904,872416701,605,23,1
221912,872416829,605,23,2
221960,872416318,605,24,4
221968,872416315,606,1,4
221976,872416699,605,31,2
222024,872417346,605,15,1
222032,872417474,605,15,2
222040,872417602,605,15,3
222088,872416960,605,23,4
222096,872417090,605,16,5
222104,872417343,605,22,1
222152,872416957,605,23,3
222160,872417085,605,23,5
222216,872416954,605,31,3
222224,872417082,605,31,5
229448,872415416,606,2,1
229456,872415544,606,2,2
229464,872415672,606,2,3
229512,872415411,606,9,1
229520,872415539,606,9,2
229528,872415667,606,9,3
229576,872415406,606,17,1
229584,872415534,606,17,2
229592,872415662,606,17,3
229640,872415402,606,24,1
229648,872415530,606,24,2
229656,872415658,606,24,3
229704,872415800,606,2,5
229712,872416056,606,1,1
229720,872416054,606,8,2
229768,872415795,606,9,4
229776,872415923,606,9,5
229784,872416051,606,8,1
229832,872415790,606,17,4
229840,872415918,606,17,5
229848,872416048,606,16,1
229896,872415788,606,24,5
229904,872416046,606,16,2
229912,872416043,606,23,1
229960,872416186,606,1,3
229968,872416310,606,8,4
229976,872416440,606,1,5
229984,872416696,605,31,1
230024,872416179,606,8,3
230032,872416435,606,8,5
230040,872416691,606,7,1
230088,872416178,606,16,3
230096,872416432,606,16,5
230104,872416686,606,15,1
230152,872416171,606,23,3
230160,872416303,606,16,4
230168,872416427,606,23,5
230176,872416683,606,22,1
230216,872416823,606,7,4
230224,872416952,605,31,4
230280,872416819,606,7,2
230288,872416947,606,7,3
230344,872416815,606,15,2
230352,872416943,606,15,3
230408,872416814,606,15,4
230416,872416940,606,22,4
237640,872415401,606,24,4
237648,872415783,606,34,2
237704,872415780,606,34,1
237768,872416031,606,30,1
237832,872416026,606,33,1
237840,872416154,606,33,2
237848,872416282,606,33,3
237896,872416041,606,23,2
237904,872416039,606,29,2
237960,872416036,606,29,1
237968,872416034,606,30,2
237976,872416164,606,29,3
238024,872416161,606,30,3
238032,872416287,606,30,4
238040,872416543,606,30,5
238088,872416285,606,33,4
238096,872416411,606,33,5
238104,872416668,607,13,1
238152,872416298,606,23,4
238160,872416295,606,29,4
238168,872416681,606,22,2
238216,872416420,606,29,5
238224,872416676,606,28,1
238232,872416804,606,28,2
238280,872416672,606,32,1
238288,872416801,606,32,3
238344,872416671,606,32,2
238352,872416925,607,13,4
238360,872417055,606,32,4
238408,872416937,606,22,3
238416,872417065,606,22,5
238472,872416934,606,28,3
238480,872417061,606,28,5
238536,872416932,606,28,4
238544,872417058,606,32,5
238552,872417316,606,27,1
238600,872417311,606,31,1
238608,872417440,606,31,2
238616,872417568,606,31,3
245832,872416407,607,14,2
245896,872416405,607,14,3
245904,872416661,607,20,1
245960,872417040,607,14,4
246024,872417294,607,21,2
246088,872416666,607,13,2
246096,872416664,607,20,2
246104,872416922,607,13,3
246152,872417045,607,20,4
246160,872417173,607,20,5
246168,872417302,607,19,1
246176,872416790,607,20,3
246216,872417043,607,14,5
246224,872417301,607,19,3
246232,872417297,607,26,1
246240,872417426,607,26,3
246280,872417296,607,26,2
246288,872417551,607,21,3
246296,872417680,607,26,4
246304,872417808,607,26,5
246312,872417936,607,25,1
246344,872417052,607,13,5
246352,872417307,607,12,1
246360,872417435,607,12,2
246408,872417306,607,12,3
246416,872417305,607,19,2
246472,872417559,607,19,4
246480,872417813,607,19,5
246488,872417941,607,18,1
246536,872417940,607,25,2
246544,872418069,607,18,3
246552,872418194,607,25,4
246600,872417439,606,31,4
246608,872417566,607,12,4
246664,872417691,607,12,5
246672,872417946,607,11,1
246728,872417945,607,18,2
246736,872418074,607,11,3
246744,872418199,607,18,4
246792,872418326,607,18,5
246800,872418582,607,17,1
254024,872417931,607,27,1
254032,872417929,607,21,4
254088,872418185,607,21,5
254152,872418566,607,31,1
254160,872418694,607,31,2
254168,872418822,607,31,4
254216,872419206,607,29,2
254280,872418060,607,27,3
254288,872418317,607,27,4
254296,872417934,607,27,2
254304,872418064,607,25,3
254344,872418315,607,27,5
254352,872418571,607,30,1
254360,872418699,607,30,2
254408,872418697,607,31,3
254416,872418827,607,30,4
254424,872418952,607,31,5
254472,872419208,607,29,1
254480,872419336,607,29,3
254488,872419591,607,29,4
254536,872418321,607,25,5
254544,872418576,607,24,1
254600,872418575,607,30,3
254608,872418704,607,24,3
254616,872418960,607,24,4
254664,872418957,607,30,5
254672,872419211,607,28,1
254680,872419340,607,28,2
254728,872419339,607,28,3
254736,872419595,607,28,5
254792,872418581,607,17,3
254800,872418580,607,24,2
254856,872418963,607,24,5
254864,872419217,607,23,1
254920,872419216,607,23,2
254928,872419472,607,23,3
254936,872419600,607,23,5
254984,872419471,607,28,4
254992,872419856,607,22,2
255000,872419853,608,1,1
262216,872419844,608,3,1
262280,872420101,608,3,2
262288,872420481,608,13,1
262344,872420609,608,13,2
262352,872420737,608,13,3
262360,872420865,608,13,5
262408,872421121,608,17,1
262416,872421249,608,17,3
262424,872421505,608,17,5
262472,872419590,607,29,5
262480,872419846,608,2,1
262488,872419974,608,2,3
262536,872420230,608,2,5
262544,872420486,608,12,1
262600,872420742,608,12,4
262608,872420741,608,13,4
262616,872421126,608,16,1
262664,872421124,608,17,2
262672,872421382,608,16,4
262680,872421380,608,17,4
262728,872419851,608,1,2
262736,872419849,608,2,2
262744,872420107,608,1,4
262792,872420232,608,2,4
262800,872420491,608,11,2
262808,872420489,608,12,2
262856,872420747,608,11,4
262864,872420743,608,12,3
262872,872420872,608,12,5
262880,872421129,608,16,2
262920,872421131,608,15,2
262928,872421384,608,16,3
262936,872421512,608,16,5
262984,872419982,608,1,3
262992,872420237,608,1,5
263048,872420493,608,11,1
263056,872420621,608,11,3
263112,872420877,608,11,5
263120,872421132,608,15,1
263176,872421260,608,15,3
263184,872421516,608,15,4
270408,872421761,608,41,5
270416,872421889,608,41,3
270424,872422145,608,41,1
270472,872422401,608,37,5
270480,872422529,608,37,3
270488,872422785,608,37,2
270536,872422913,608,37,1
270544,872423044,608,27,2
270600,872423300,608,27,1
270664,872421766,608,40,4
270672,872421764,608,41,4
270680,872422020,608,41,2
270728,872422150,608,40,1
270736,872422406,608,36,4
270744,872422404,608,37,4
270792,872422790,608,36,1
270800,872423046,608,26,5
270856,872423302,608,26,3
270864,872423430,608,26,1
270872,872423686,609,29,5
270920,872421771,608,39,2
270928,872421767,608,40,5
270936,872421896,608,40,3
270984,872422152,608,40,2
270992,872422411,608,35,4
271000,872422408,608,36,5
271008,872422536,608,36,3
271048,872422668,608,35,2
271056,872422792,608,36,2
271064,872423049,608,26,4
271112,872423051,608,25,4
271120,872423307,608,25,2
271128,872423305,608,26,2
271176,872421772,608,39,4
271184,872422028,608,39,3
271240,872422158,608,39,1
271248,872422413,608,35,5
271304,872422543,608,35,3
271312,872422797,608,35,1
271368,872423053,608,25,5
271376,872423181,608,25,3
278600,872423942,609,29,2
278664,872424326,609,31,4
278672,872424582,609,31,2
278680,872424838,609,31,1
278728,872424969,609,21,5
278792,872425227,609,27,1
278800,872425226,609,21,4
278856,872424072,609,29,1
278864,872423690,609,29,4
278872,872423943,609,29,3
278920,872424331,609,30,4
278928,872424328,609,31,5
278936,872424456,609,31,3
278984,872424588,609,30,2
278992,872424715,609,30,1
279000,872424971,609,27,5
279048,872424974,609,27,4
279056,872425104,609,25,3
279064,872425228,609,27,3
279072,872425356,609,27,2
279112,872423691,609,28,5
279120,872423819,609,28,3
279176,872423950,609,28,2
279184,872424203,609,28,1
279192,872424333,609,30,5
279240,872424336,609,24,4
279248,872424463,609,30,3
279256,872424592,609,24,3
279304,872424722,609,24,1
279312,872424976,609,25,5
279368,872423312,609,22,2
279376,872423437,608,25,1
279384,872423694,609,28,4
279432,872423696,609,23,5
279440,872423824,609,23,3
279448,872423952,609,23,2
279496,872424083,609,23,1
279504,872424338,609,24,5
279560,872424469,609,17,3
279568,872424595,609,24,2
286792,872425870,609,21,2
286856,872426256,609,14,4
286920,872426901,609,14,3
286928,872426517,609,20,1
286984,872426904,609,14,2
287048,872425362,609,25,1
287056,872425616,609,26,5
287064,872425614,609,21,3
287072,872425744,609,26,3
287112,872426258,609,14,5
287120,872425749,609,19,3
287128,872426128,609,26,1
287136,872425875,609,26,2
287144,872425619,609,26,4
287176,872426518,609,20,3
287184,872426389,609,20,4
287192,872426261,609,20,5
287200,872426006,609,19,1
287240,872426650,609,13,2
287248,872426521,609,20,2
287256,872426394,609,13,3
287304,872424979,609,25,4
287312,872425109,609,18,3
287320,872425234,609,25,2
287368,872425750,609,19,4
287376,872425621,609,19,5
287384,872425366,609,18,1
287432,872425754,609,12,3
287440,872425880,609,19,2
287496,872426266,609,13,5
287504,872426011,609,12,1
287512,872425884,609,12,2
287560,872424726,609,17,1
287568,872424981,609,18,5
287576,872425110,609,18,4
287624,872425240,609,18,2
287632,872425114,609,11,3
287688,872425626,609,12,5
287696,872425372,609,11,1
287752,872425631,601,31,4
287760,872425629,609,12,4
294984,872427418,601,33,1
294992,872427290,601,33,2
295000,872426906,601,33,3
295048,872427295,601,30,1
295112,872427556,601,34,1
295176,872427561,601,24,4
295184,872427558,601,34,2
295240,872426653,609,13,1
295248,872427035,601,33,4
295256,872426907,601,33,5
295304,872427167,601,30,3
295312,872427039,601,30,4
295320,872426911,601,30,5
295368,872427300,601,29,1
295376,872427043,601,30,2
295384,872427045,601,29,3
295432,872427177,601,23,2
295440,872427176,601,29,2
295496,872426527,601,32,2
295504,872426270,609,13,4
295512,872426271,601,32,4
295560,872426657,601,32,1
295568,872426529,601,32,3
295624,872426916,601,29,5
295632,872426788,601,28,1
295640,872426660,601,28,2
295688,872426921,601,23,4
295696,872426919,601,29,4
295704,872426665,601,22,2
295752,872426143,601,31,1
295760,872425888,601,31,2
295768,872425761,601,31,3
295816,872426276,601,28,4
295824,872426273,601,32,5
295832,872426020,601,27,1
295880,872426405,601,28,3
295888,872426278,601,28,5
295944,872426409,601,22,3
295952,872426281,601,22,5
598088,872444333,646,24,1
598096,872444204,646,24,2
598104,872443946,646,24,3
598152,872444462,646,17,1
598160,872444334,646,17,2
598168,872444206,646,17,3
598216,872444467,646,9,1
598224,872444339,646,9,2
598232,872444211,646,9,3
598280,872444347,646,2,1
598288,872444218,646,2,2
598296,872443963,646,2,3
598344,872443947,646,24,5
598352,872443566,646,16,2
598360,872443692,646,23,1
598408,872444078,646,17,4
598416,872443950,646,17,5
598424,872443696,646,16,1
598472,872444083,646,9,4
598480,872443955,646,9,5
598488,872443700,646,8,1
598536,872443960,646,2,5
598544,872443704,646,1,1
598552,872443575,646,8,2
598600,872443437,646,23,3
598608,872443310,646,16,4
598616,872443307,646,23,5
598624,872443052,646,22,1
598664,872443442,646,16,3
598672,872443312,646,16,5
598680,872443182,646,15,1
598728,872443445,646,8,3
598736,872443315,646,8,5
598744,872443187,646,7,1
598792,872443450,646,1,3
598800,872443318,646,8,4
598808,872443320,646,1,5
598816,872443064,647,31,1
598856,872442670,646,15,4
598864,872442669,646,22,4
598920,872442930,646,15,2
598928,872442800,646,15,3
598984,872442934,646,7,2
598992,872442804,646,7,3
599048,872442679,646,7,4
599056,872442680,647,31,4
606280,872443964,646,2,4
606288,872443965,647,25,4
606344,872443968,647,25,3
606408,872443717,647,17,1
606472,872443847,647,11,1
606480,872443719,647,11,2
606488,872443339,647,11,3
606536,872443581,647,24,2
606544,872443580,646,1,2
606600,872443458,647,17,2
606608,872443712,647,24,1
606616,872443456,647,24,3
606664,872443588,647,17,3
606672,872443459,647,17,4
606680,872443330,647,17,5
606728,872443464,647,11,4
606736,872443335,647,11,5
606744,872443079,647,10,1
606792,872443325,647,24,4
606800,872443323,646,1,4
606808,872443066,647,31,2
606856,872443327,647,24,5
606864,872443197,647,23,1
606872,872443069,647,23,2
606920,872443076,647,16,1
606928,872442946,647,16,3
606984,872442949,647,16,2
606992,872442695,647,10,4
607000,872442693,647,16,4
607048,872442811,647,31,3
607056,872442681,647,31,5
607112,872442815,647,23,3
607120,872442685,647,23,5
607176,872442688,647,23,4
607184,872442690,647,16,5
607192,872442432,647,22,1
607240,872442562,647,15,1
607248,872442309,647,15,2
607256,872442179,647,15,3
614472,872443340,647,25,1
614536,872443342,647,25,2
614544,872442960,647,6,1
614600,872442706,647,3,3
614664,872442198,647,3,1
614728,872442956,647,6,2
614736,872443081,647,10,2
614744,872442826,647,10,3
614792,872442828,647,6,4
614800,872442700,647,6,5
614808,872442446,647,5,1
614816,872442957,647,6,3
614856,872442705,647,3,4
614864,872442577,647,2,1
614872,872442192,647,5,3
614880,872442322,647,2,2
614888,872442065,647,2,4
614920,872442197,647,2,3
614928,872442070,647,3,2
614936,872442067,647,2,5
614944,872441811,647,1,1
614984,872442696,647,10,5
614992,872442442,647,9,1
615000,872442312,647,9,2
615048,872442316,647,5,2
615056,872442187,647,9,3
615112,872442188,647,5,4
615120,872442060,647,5,5
615128,872441806,647,4,1
615176,872441682,647,1,2
615184,872441552,647,4,3
615192,872441425,647,1,4
615240,872442054,647,15,4
615248,872442055,647,9,4
615304,872442057,647,9,5
615312,872441801,647,8,1
615368,872441676,647,4,2
615376,872441547,647,8,3
615432,872441548,647,4,4
615440,872441420,647,4,5
615448,872441166,648,29,1
622664,872441691,648,30,3
622672,872441690,648,23,1
622728,872441435,648,30,4
622792,872441307,648,19,1
622800,872441054,648,19,2
622808,872440798,648,19,4
622856,872440415,648,18,2
622920,872441557,647,1,3
622928,872441430,648,23,4
622936,872441815,648,23,2
622944,872441686,648,23,3
622984,872441432,648,23,5
622992,872441178,648,22,1
623000,872441048,648,22,2
623048,872440925,648,19,3
623056,872440793,648,22,4
623064,872440795,648,19,5
623112,872440540,648,18,1
623120,872440411,648,18,3
623128,872440155,648,18,4
623176,872441427,647,1,5
623184,872441171,648,26,1
623240,872440918,648,22,3
623248,872441043,648,26,3
623256,872440788,648,26,4
623304,872440790,648,22,5
623312,872440662,648,21,1
623320,872440407,648,21,2
623368,872440282,648,21,3
623376,872440152,648,21,5
623432,872441041,648,26,2
623440,872440912,648,29,3
623496,872440785,648,26,5
623504,872440530,648,25,1
623560,872440405,648,25,2
623568,872440276,648,25,3
623576,872440147,648,25,5
623624,872440150,648,21,4
623632,872439894,648,20,1
623640,872439765,648,24,2
630856,872439777,648,30,1
630920,872439520,648,30,2
630928,872439392,648,5,1
630984,872439264,648,5,2
630992,872439012,648,5,3
631000,872438882,648,5,5
631048,872438627,648,1,1
631056,872438372,648,1,3
631064,872438242,648,1,5
631112,872440156,648,18,5
631120,872439902,648,17,1
631128,872439773,648,17,3
631176,872439517,648,17,5
631184,872439262,648,6,1
631240,872438880,648,5,4
631248,872438878,648,6,4
631256,872438622,648,2,1
631304,872438497,648,1,2
631312,872438240,648,1,4
631320,872438239,648,2,4
631368,872439771,648,17,2
631376,872439770,648,20,2
631384,872439513,648,20,4
631432,872439515,648,17,4
631440,872439259,648,6,2
631448,872439129,648,7,2
631496,872439005,648,6,3
631504,872438873,648,7,4
631512,872438875,648,6,5
631520,872438619,648,2,2
631560,872438234,648,3,2
631568,872438364,648,2,3
631576,872438235,648,2,5
631624,872439640,648,20,3
631632,872439510,648,20,5
631688,872439255,648,7,1
631696,872438998,648,7,3
631752,872438870,648,7,5
631760,872438615,648,3,1
631816,872438487,648,3,3
631824,872438232,648,3,4
639048,872437987,649,1,5
639056,872437732,649,1,3
639064,872437602,649,1,1
639112,872437347,649,5,5
639120,872437217,649,5,3
639128,872437088,649,5,2
639176,872436960,649,5,1
639184,872436576,649,30,2
639240,872436320,649,30,1
639304,872437857,649,1,4
639312,872437854,649,2,4
639320,872437600,649,1,2
639368,872437597,649,2,1
639376,872437216,649,5,4
639384,872437215,649,6,4
639432,872436957,649,6,1
639440,872436702,649,17,5
639496,872436446,649,17,3
639504,872436317,649,17,1
639512,872436063,649,18,5
639560,872437981,649,2,5
639568,872437594,649,3,2
639576,872437851,649,2,3
639624,872437595,649,2,2
639632,872437340,649,6,5
639640,872437210,649,7,4
639648,872437211,649,6,3
639688,872436953,649,7,2
639696,872436955,649,6,2
639704,872436699,649,17,4
639752,872436570,649,20,4
639760,872436315,649,17,2
639768,872436313,649,20,2
639816,872437975,649,3,4
639824,872437720,649,3,3
639880,872437590,649,3,1
639888,872437335,649,7,5
639944,872437080,649,7,3
639952,872436950,649,7,1
640008,872436695,649,20,5
640016,872436439,649,20,3
647240,872435678,649,18,2
647304,872435295,649,19,4
647312,872435165,649,19,2
647320,872435035,649,19,1
647368,872434652,649,30,4
647432,872434395,649,30,3
647440,872434392,649,23,1
647496,872435675,649,18,1
647504,872436059,649,18,4
647512,872435805,649,18,3
647560,872435420,649,19,5
647568,872435290,649,22,4
647576,872435163,649,19,3
647624,872435160,649,22,2
647632,872435031,649,22,1
647640,872434777,649,23,5
647688,872434774,649,23,4
647696,872434516,650,1,3
647704,872434521,649,23,3
647712,872434390,649,23,2
647752,872436057,649,21,5
647760,872435802,649,21,3
647816,872435798,649,21,2
647824,872435670,649,21,1
647832,872435415,649,22,5
647880,872435411,649,26,4
647888,872435030,649,22,3
647896,872435156,649,26,3
647944,872435026,649,26,1
647952,872434771,650,1,5
648008,872436308,649,24,2
648016,872436310,649,20,1
648024,872435926,649,21,4
648072,872436052,649,25,5
648080,872435923,649,25,3
648088,872435669,649,25,2
648136,872435665,649,25,1
648144,872435409,649,26,5
648200,872435024,649,29,3
648208,872435025,649,26,2
655432,872433750,650,3,1
655496,872433491,650,3,3
655560,872432847,650,25,2
655568,872433102,650,6,1
655624,872432844,650,25,1
655688,872433749,650,2,2
655696,872434386,650,1,1
655704,872434006,650,3,2
655712,872434257,650,2,5
655720,872434129,650,2,4
655752,872433489,650,3,4
655760,872433745,650,2,1
655768,872433744,650,5,3
655776,872433874,650,2,3
655816,872433230,650,6,3
655824,872433484,650,6,4
655832,872433612,650,6,5
655840,872433741,650,5,1
655880,872433100,650,6,2
655888,872433098,650,10,2
655896,872433353,650,10,3
655944,872434643,650,1,4
655952,872434511,650,4,3
655960,872434385,650,1,2
656008,872433998,650,5,4
656016,872434252,650,5,5
656024,872434381,650,4,1
656072,872433740,650,5,2
656080,872433739,650,9,3
656136,872433481,650,10,5
656144,872433735,650,9,1
656152,872433864,650,9,2
656200,872435021,649,29,1
656208,872434766,650,4,5
656264,872434380,650,4,2
656272,872434506,650,8,3
656280,872434638,650,4,4
656328,872434121,650,9,5
656336,872434376,650,8,1
656392,872433862,650,15,4
656400,872433991,650,9,4
663624,872432455,650,11,1
663632,872432583,650,11,2
663640,872432713,650,11,3
663688,872432452,650,17,1
663752,872432191,650,25,3
663816,872431804,651,2,4
663824,872432189,650,25,4
663880,872433095,650,10,1
663888,872432711,650,11,4
663896,872432842,650,11,5
663944,872432579,650,17,3
663952,872432710,650,17,4
663960,872432962,650,17,5
664008,872432450,650,17,2
664016,872432447,650,24,1
664024,872432577,650,24,3
664072,872432445,650,24,2
664080,872432443,651,1,2
664136,872433094,650,16,2
664144,872433351,650,10,4
664152,872433476,650,16,4
664200,872433090,650,16,1
664208,872433219,650,16,3
664264,872432831,650,24,5
664272,872433085,650,23,1
664280,872433213,650,23,2
664328,872432702,650,24,4
664336,872432699,651,1,4
664344,872433083,650,31,2
664392,872433730,650,15,1
664400,872433858,650,15,2
664408,872433987,650,15,3
664456,872433344,650,23,4
664464,872433474,650,16,5
664472,872433727,650,22,1
664520,872433341,650,23,3
664528,872433471,650,23,5
664584,872433338,650,31,3
664592,872433468,650,31,5
671816,872431800,651,2,1
671824,872431929,651,2,2
671832,872432058,651,2,3
671880,872431795,651,9,1
671888,872431923,651,9,2
671896,872432051,651,9,3
671944,872431790,651,17,1
671952,872431918,651,17,2
671960,872432046,651,17,3
672008,872431786,651,24,1
672016,872431915,651,24,2
672024,872432044,651,24,3
672072,872432184,651,2,5
672080,872432440,651,1,1
672088,872432438,651,8,2
672136,872432179,651,9,4
672144,872432307,651,9,5
672152,872432435,651,8,1
672200,872432174,651,17,4
672208,872432302,651,17,5
672216,872432432,651,16,1
672264,872432172,651,24,5
672272,872432430,651,16,2
672280,872432427,651,23,1
672328,872432570,651,1,3
672336,872432694,651,8,4
672344,872432825,651,1,5
672352,872433080,650,31,1
672392,872432563,651,8,3
672400,872432820,651,8,5
672408,872433075,651,7,1
672456,872432562,651,16,3
672464,872432817,651,16,5
672472,872433070,651,15,1
672520,872432555,651,23,3
672528,872432687,651,16,4
672536,872432812,651,23,5
672544,872433067,651,22,1
672584,872433207,651,7,4
672592,872433336,650,31,4
672648,872433203,651,7,2
672656,872433332,651,7,3
672712,872433199,651,15,2
672720,872433328,651,15,3
672776,872433198,651,15,4
672784,872433324,651,22,4
680008,872431785,651,24,4
680016,872432167,651,34,2
680072,872432164,651,34,1
680136,872432415,651,30,1
680200,872432410,651,33,1
680208,872432538,651,33,2
680216,872432666,651,33,3
680264,872432425,651,23,2
680272,872432423,651,29,2
680328,872432420,651,29,1
680336,872432418,651,30,2
680344,872432550,651,29,3
680392,872432545,651,30,3
680400,872432674,651,30,4
680408,872432927,651,30,5
680456,872432669,651,33,4
680464,872432798,651,33,5
680472,872433052,652,13,1
680520,872432682,651,23,4
680528,872432679,651,29,4
680536,872433065,651,22,2
680584,872432804,651,29,5
680592,872433060,651,28,1
680600,872433188,651,28,2
680648,872433056,651,32,1
680656,872433186,651,32,3
680712,872433055,651,32,2
680720,872433309,652,13,4
680728,872433439,651,32,4
680776,872433321,651,22,3
680784,872433451,651,22,5
680840,872433318,651,28,3
680848,872433447,651,28,5
680904,872433316,651,28,4
680912,872433442,651,32,5
680920,872433700,651,27,1
680968,872433695,651,31,1
680976,872433824,651,31,2
680984,872433953,651,31,3
688200,872432791,652,14,2
688264,872432789,652,14,3
688272,872433045,652,20,1
688328,872433424,652,14,4
688392,872433678,652,21,2
688456,872433050,652,13,2
688464,872433048,652,20,2
688472,872433306,652,13,3
688520,872433429,652,20,4
688528,872433557,652,20,5
688536,872433686,652,19,1
688544,872433174,652,20,3
688584,872433427,652,14,5
688592,872433685,652,19,3
688600,872433680,652,26,1
688608,872433809,652,26,2
688616,872433940,652,26,4
688648,872433808,652,26,3
688656,872433935,652,21,3
688664,872434065,652,26,5
688672,872434320,652,25,1
688712,872433436,652,13,5
688720,872433691,652,12,1
688728,872433820,652,12,2
688776,872433690,652,12,3
688784,872433689,652,19,2
688840,872433943,652,19,4
688848,872434197,652,19,5
688856,872434326,652,18,1
688904,872434325,652,18,3
688912,872434324,652,25,2
688920,872434580,652,25,4
688968,872433823,651,31,4
688976,872433950,652,12,4
689032,872434075,652,12,5
689040,872434330,652,11,1
689096,872434329,652,18,2
689104,872434458,652,11,3
689160,872434583,652,18,4
689168,872434837,652,18,5
689176,872434966,652,17,1
696392,872434315,652,27,1
696400,872434313,652,21,4
696456,872434569,652,21,5
696520,872434950,652,31,1
696528,872435078,652,31,2
696536,872435208,652,31,4
696584,872435590,652,29,2
696648,872434447,652,27,3
696656,872434701,652,27,4
696664,872434318,652,27,2
696672,872434448,652,25,3
696712,872434699,652,27,5
696720,872434955,652,30,1
696728,872435084,652,30,2
696776,872435081,652,31,3
696784,872435211,652,30,4
696792,872435337,652,31,5
696840,872435592,652,29,1
696848,872435722,652,29,3
696856,872435975,652,29,4
696904,872434705,652,25,5
696912,872434960,652,24,1
696968,872434959,652,30,3
696976,872435088,652,24,3
696984,872435344,652,24,4
697032,872435341,652,30,5
697040,872435595,652,28,1
697048,872435724,652,28,2
697096,872435723,652,28,3
697104,872435980,652,28,5
697160,872434965,652,17,3
697168,872434964,652,24,2
697224,872435347,652,24,5
697232,872435601,652,23,1
697288,872435600,652,23,2
697296,872435857,652,23,3
697304,872435986,652,23,5
697352,872435855,652,28,4
697360,872436240,652,22,2
697368,872436237,653,25,1
704584,872436228,653,27,1
704648,872436485,653,27,2
704656,872436865,653,37,1
704712,872436993,653,37,2
704720,872437121,653,37,3
704728,872437250,653,37,5
704776,872437505,653,41,1
704784,872437635,653,41,3
704792,872437890,653,41,5
704840,872435974,652,29,5
704848,872436230,653,26,1
704856,872436360,653,26,3
704904,872436614,653,26,5
704912,872436870,653,36,1
704968,872437126,653,36,4
704976,872437125,653,37,4
704984,872437510,653,40,1
705032,872437508,653,41,2
705040,872437766,653,40,4
705048,872437765,653,41,4
705096,872436235,653,25,2
705104,872436233,653,26,2
705112,872436492,653,25,4
705160,872436616,653,26,4
705168,872436875,653,35,2
705176,872436873,653,36,2
705224,872437131,653,35,4
705232,872437127,653,36,3
705240,872437257,653,36,5
705248,872437513,653,40,2
705288,872437515,653,39,2
705296,872437768,653,40,3
705304,872437898,653,40,5
705352,872436366,653,25,3
705360,872436622,653,25,5
705416,872436877,653,35,1
705424,872437007,653,35,3
705480,872437261,653,35,5
705488,872437516,653,39,1
705544,872437644,653,39,3
705552,872437900,653,39,4
712776,872438145,653,17,5
712784,872438275,653,17,3
712792,872438530,653,17,1
712840,872438785,653,13,5
712848,872438915,653,13,3
712856,872439169,653,13,2
712904,872439297,653,13,1
712912,872439428,653,3,2
712968,872439684,653,3,1
713032,872438150,653,16,4
713040,872438148,653,17,4
713048,872438405,653,17,2
713096,872438534,653,16,1
713104,872438790,653,12,4
713112,872438788,653,13,4
713160,872439174,653,12,1
713168,872439430,653,2,5
713224,872439686,653,2,3
713232,872439816,653,2,1
713240,872440070,654,29,5
713288,872438155,653,15,2
713296,872438151,653,16,5
713304,872438281,653,16,3
713352,872438536,653,16,2
713360,872438795,653,11,4
713368,872438792,653,12,5
713376,872438922,653,12,3
713416,872439052,653,11,2
713424,872439176,653,12,2
713432,872439433,653,2,4
713480,872439435,653,1,4
713488,872439692,653,1,2
713496,872439689,653,2,2
713544,872438156,653,15,4
713552,872438412,653,15,3
713608,872438542,653,15,1
713616,872438797,653,11,5
713672,872438927,653,11,3
713680,872439182,653,11,1
713736,872439437,653,1,5
713744,872439567,653,1,3
720968,872440326,654,29,2
721032,872440710,654,31,4
721040,872440967,654,31,2
721048,872441222,654,31,1
721096,872441353,654,21,5
721160,872441611,654,27,1
721168,872441610,654,21,4
721224,872440457,654,29,1
721232,872440074,654,29,4
721240,872440327,654,29,3
721288,872440715,654,30,4
721296,872440712,654,31,5
721304,872440842,654,31,3
721352,872440972,654,30,2
721360,872441102,654,30,1
721368,872441355,654,27,5
721416,872441358,654,27,4
721424,872441488,654,25,3
721432,872441612,654,27,3
721440,872441741,654,27,2
721480,872440075,654,28,5
721488,872440205,654,28,3
721544,872440334,654,28,2
721552,872440587,654,28,1
721560,872440717,654,30,5
721608,872440720,654,24,4
721616,872440847,654,30,3
721624,872440976,654,24,3
721672,872441106,654,24,1
721680,872441360,654,25,5
721736,872439696,654,22,2
721744,872439821,653,1,1
721752,872440078,654,28,4
721800,872440080,654,23,5
721808,872440210,654,23,3
721816,872440339,654,23,2
721864,872440467,654,23,1
721872,872440722,654,24,5
721928,872440853,654,17,3
721936,872440979,654,24,2
729160,872442254,654,21,2
729224,872442640,654,14,4
729288,872443285,654,14,3
729296,872442901,654,20,1
729352,872443288,654,14,2
729416,872442256,654,26,2
729424,872441746,654,25,1
729432,872442000,654,26,5
729440,872441998,654,21,3
729448,872442128,654,26,4
729480,872442642,654,14,5
729488,872442133,654,19,3
729496,872442388,654,26,1
729504,872442258,654,26,3
729544,872442902,654,20,3
729552,872442773,654,20,4
729560,872442645,654,20,5
729568,872442390,654,19,1
729608,872443034,654,13,2
729616,872442905,654,20,2
729624,872442778,654,13,3
729672,872441363,654,25,4
729680,872441493,654,18,3
729688,872441619,654,25,2
729736,872442134,654,19,4
729744,872442005,654,19,5
729752,872441751,654,18,1
729800,872442138,654,12,3
729808,872442264,654,19,2
729864,872442650,654,13,5
729872,872442398,654,12,1
729880,872442268,654,12,2
729928,872441110,654,17,1
729936,872441365,654,18,5
729992,872441624,654,18,2
730000,872441498,654,11,3
730008,872441368,654,18,4
730056,872442010,654,12,5
730064,872441756,654,11,1
730120,872442015,646,31,4
730128,872442013,654,12,4
737352,872443802,646,33,1
737360,872443674,646,33,2
737368,872443290,646,33,3
737416,872443679,646,30,1
737480,872443940,646,34,1
737544,872443945,646,24,4
737552,872443942,646,34,2
737608,872443037,654,13,1
737616,872443420,646,33,4
737624,872443291,646,33,5
737672,872443552,646,30,3
737680,872443423,646,30,4
737688,872443295,646,30,5
737736,872443685,646,29,1
737744,872443427,646,30,2
737752,872443429,646,29,3
737800,872443561,646,23,2
737808,872443560,646,29,2
737864,872442911,646,32,2
737872,872442654,654,13,4
737880,872442655,646,32,4
737928,872443043,646,32,1
737936,872442913,646,32,3
737992,872443300,646,29,5
738000,872443172,646,28,1
738008,872443044,646,28,2
738056,872443305,646,23,4
738064,872443303,646,29,4
738072,872443049,646,22,2
738120,872442527,646,31,1
738128,872442275,646,31,2
738136,872442145,646,31,3
738184,872442660,646,28,4
738192,872442657,646,32,5
738200,872442404,646,27,1
738248,872442791,646,28,3
738256,872442662,646,28,5
738312,872442794,646,22,3
738320,872442665,646,22,5
745544,872442286,646,14,2
745552,872442285,646,21,1
745608,872442671,646,15,5
745616,872442417,646,14,1
745672,872442675,646,7,5
745680,872442419,646,6,1
745736,872442296,647,30,2
745744,872442295,646,6,2
745800,872441774,646,13,2
745808,872442030,646,14,4
745864,872442162,646,14,3
745872,872442032,646,14,5
745880,872441777,646,13,1
745928,872442165,646,6,3
745936,872442035,646,6,5
745944,872441779,646,5,1
745992,872442038,646,6,4
746000,872441781,646,5,2
746056,872441519,646,13,3
746064,872441390,646,13,5
746120,872441394,646,13,4
746184,872441395,646,5,4
746248,872441526,646,5,3
746256,872441396,646,5,5
746312,872441008,646,12,2
746376,872441010,646,12,1
746440,872441011,646,4,2
746504,872441013,646,4,1
746568,872440750,646,12,5
746576,872440367,646,11,2
746632,872440753,646,12,4
746640,872440369,646,11,1
746696,872440755,646,4,4
746704,872440371,646,3,3
746760,872440757,646,4,5
746768,872440373,646,3,2
746824,872440113,646,11,4
746952,872440115,646,3,4
747080,872439857,646,10,1
747088,872439601,646,10,3
747208,872439860,647,32,1
747216,872439603,647,32,3
753736,872442299,647,30,1
753744,872442169,647,30,4
753800,872442429,647,22,2
753808,872442044,647,30,3
753816,872442045,647,22,4
753864,872442176,647,22,3
753872,872442046,647,22,5
753928,872442050,647,15,5
753936,872441794,647,14,1
753992,872442040,647,30,5
754000,872441784,647,29,1
754056,872441786,647,29,2
754120,872441791,647,21,1
754128,872441661,647,21,3
754184,872441664,647,21,2
754192,872441408,647,21,4
754248,872441400,647,29,4
754312,872441531,647,29,3
754320,872441401,647,29,5
754376,872441405,647,21,5
754384,872441021,647,20,2
754440,872441023,647,20,1
754504,872440760,647,28,4
754512,872440887,646,4,3
754568,872441145,647,28,1
754576,872440761,647,28,3
754632,872441019,647,28,2
754640,872440762,647,28,5
754696,872440765,647,20,4
754760,872440375,646,3,1
754824,872440376,647,27,2
754888,872440378,647,27,1
754952,872440251,647,27,3
755016,872440117,646,3,5
755144,872440248,647,27,4
755152,872440120,647,27,5
755160,872439865,647,26,1
755272,872439735,647,32,2
755280,872439605,647,32,4
755400,872439480,647,26,4
761928,872441796,647,14,2
761936,872441540,647,14,3
761992,872441672,647,8,2
762000,872441415,647,8,4
762056,872441416,647,8,5
762064,872441160,647,7,1
762120,872440908,648,29,2
762128,872441034,647,7,2
762184,872441410,647,14,4
762248,872441412,647,14,5
762256,872441157,647,13,1
762312,872441031,647,7,3
762376,872440903,647,7,4
762384,872440775,647,7,5
762440,872441154,647,13,2
762448,872440897,647,20,3
762504,872440900,647,13,3
762512,872440770,647,13,5
762568,872440773,647,13,4
762576,872440516,647,12,1
762632,872440519,648,32,1
762640,872440262,647,12,3
762696,872440767,647,20,5
762704,872440510,647,19,1
762760,872440384,647,19,2
762824,872440258,647,12,2
762888,872440259,647,12,4
762896,872440130,647,12,5
762952,872440253,647,19,3
763016,872440125,647,19,4
763080,872440127,647,19,5
763088,872439871,647,18,1
763144,872439746,648,33,2
763152,872439616,647,18,3
763208,872439741,647,18,2
763216,872439739,647,26,2
763336,872439613,647,18,4
763344,872439485,647,18,5
763464,872439611,647,26,3
763472,872439482,647,26,5
763592,872439227,647,25,5
770120,872440909,648,29,4
770128,872440780,648,29,5
770184,872440527,648,28,1
770192,872440270,648,28,3
770248,872440145,648,25,4
770256,872440143,648,28,4
770312,872439890,648,24,1
770320,872439633,648,24,3
770376,872440395,648,32,2
770384,872440396,648,28,2
770440,872440140,648,28,5
770504,872440012,648,27,1
770512,872439757,648,27,2
770568,872439632,648,27,3
770576,872439502,648,27,5
770632,872440265,648,32,3
770640,872440135,648,32,5
770696,872440138,648,32,4
770704,872439881,648,31,1
770760,872439753,648,31,3
770824,872439500,648,27,4
770832,872439497,648,31,5
770888,872439876,648,33,1
770952,872439751,648,31,2
770960,872439621,648,33,3
771016,872439495,648,31,4
771080,872439367,648,14,1
771088,872439111,648,14,2
771144,872439490,648,33,4
771208,872439491,648,33,5
771272,872439235,648,15,1
771336,872439108,648,15,3
771400,872439231,648,16,2
771528,872439106,648,15,2
771536,872438849,648,16,4
771544,872438850,648,15,4
771656,872439229,648,16,1
771664,872438974,648,16,3
771672,872439100,647,3,5
771784,872438845,648,16,5
778312,872439634,648,24,4
778320,872439505,648,24,5
778328,872439377,648,8,1
778376,872439125,648,8,2
778384,872438994,648,8,3
778440,872438867,648,8,5
778448,872438612,648,4,1
778504,872438230,648,3,5
778512,872438228,648,4,4
778568,872439119,648,13,2
778632,872438865,648,8,4
778640,872438863,648,13,4
778696,872438609,648,4,2
778704,872438479,648,9,2
778760,872438355,648,4,3
778768,872438223,648,9,4
778776,872438225,648,4,5
778824,872439245,648,13,1
778832,872438988,648,13,3
778888,872438860,648,13,5
778952,872438605,648,9,1
778960,872438348,648,9,3
779016,872438220,648,9,5
779080,872439112,648,14,3
779088,872438983,648,14,4
779144,872438855,648,14,5
779152,872438601,648,10,1
779208,872438473,648,10,3
779272,872438217,648,10,5
779336,872438852,648,15,5
779400,872438597,648,11,1
779464,872438471,648,10,2
779472,872438341,648,11,3
779528,872438215,648,10,4
779536,872438212,648,11,5
779592,872438466,648,11,2
779720,872438210,648,11,4
779848,872438593,648,12,1
779856,872438462,648,12,2
779976,872438335,648,12,3
779984,872438206,648,12,4
786504,872437718,649,3,5
786512,872437845,649,4,4
786568,872437587,649,4,1
786576,872437332,649,8,5
786632,872437203,649,8,3
786640,872437074,649,8,2
786696,872436945,649,8,1
786704,872436817,649,24,5
786712,872436564,649,24,4
786760,872437970,649,4,5
786768,872437840,649,9,4
786776,872437841,649,4,3
786824,872437583,649,9,2
786832,872437585,649,4,2
786888,872437073,649,8,4
786896,872437200,649,13,4
786952,872436943,649,13,2
787016,872437965,649,9,5
787080,872437710,649,9,3
787088,872437580,649,9,1
787144,872437325,649,13,5
787208,872437070,649,13,3
787216,872436940,649,13,1
787272,872437962,649,10,5
787336,872437706,649,10,3
787400,872437576,649,10,1
787408,872437447,649,14,5
787464,872437319,649,14,4
787472,872437067,649,14,3
787528,872437959,649,10,4
787536,872437956,649,11,5
787592,872437700,649,11,3
787600,872437575,649,10,2
787656,872437572,649,11,1
787720,872437317,649,15,5
787784,872437827,649,11,4
787912,872437570,649,11,2
788040,872437953,649,12,4
788048,872437824,649,12,3
788168,872437695,649,12,2
788176,872437566,649,12,1
794696,872436435,649,24,3
794704,872436305,649,24,1
794760,872435793,649,25,4
794768,872435920,649,28,4
794824,872435792,649,28,3
794832,872435662,649,28,1
794888,872435532,649,29,5
794896,872435277,649,29,4
794952,872436432,649,27,3
794960,872436687,649,27,5
795016,872436428,649,27,2
795024,872436300,649,27,1
795080,872436044,649,28,5
795144,872435660,649,28,2
795152,872435658,649,32,2
795208,872436556,649,27,4
795216,872436682,649,31,5
795272,872436426,649,31,3
795336,872436296,649,31,1
795344,872435914,649,32,4
795400,872436040,649,32,5
795408,872435785,649,32,3
795464,872437063,649,14,2
795472,872436935,649,14,1
795528,872436679,649,31,4
795592,872436422,649,33,3
795600,872436295,649,31,2
795656,872436292,649,33,1
795720,872437061,649,15,3
795784,872436932,649,15,1
795848,872436676,649,33,5
795912,872436547,649,33,4
795976,872437314,649,15,4
795984,872437184,649,16,4
795992,872436930,649,15,2
796104,872436928,649,16,2
796112,872436672,650,18,5
796232,872437309,649,16,5
796360,872437181,649,16,3
796368,872436925,649,16,1
802888,872435020,649,29,2
802896,872435147,650,7,3
802952,872434762,650,8,5
802960,872435017,650,7,1
803016,872434375,650,8,2
803024,872434633,650,8,4
803080,872434373,650,14,2
803088,872434627,650,14,3
803144,872435273,650,7,5
803208,872435015,650,7,2
803216,872435272,650,7,4
803272,872434757,650,14,5
803280,872435012,650,13,1
803336,872434626,650,14,4
803400,872435781,650,12,3
803408,872435655,649,32,1
803464,872435270,650,13,4
803472,872435651,650,12,1
803528,872435266,650,13,3
803536,872435395,650,13,5
803592,872435010,650,13,2
803600,872435009,650,20,3
803656,872436037,650,12,5
803720,872435650,650,12,2
803728,872435908,650,12,4
803784,872435649,650,19,2
803848,872435391,650,20,5
803856,872435646,650,19,1
803912,872436290,649,33,2
803920,872436289,650,18,2
803976,872436032,650,19,5
803984,872436286,650,18,1
804040,872435903,650,19,4
804104,872435645,650,19,3
804168,872436669,650,18,4
804176,872436285,650,18,3
804296,872436283,650,26,2
804424,872436923,650,25,5
804552,872436537,650,26,3
804560,872436667,650,26,5
804568,872436922,650,3,5
811080,872434114,650,15,5
811088,872434370,650,14,1
811144,872433983,650,22,3
811152,872434113,650,22,5
811208,872433725,650,22,2
811216,872433724,650,30,3
811224,872433981,650,22,4
811272,872433722,650,30,2
811280,872433978,650,30,4
811336,872434369,650,21,2
811344,872434751,650,21,4
811400,872434365,650,21,1
811408,872434494,650,21,3
811464,872434363,650,29,2
811528,872434104,650,30,5
811536,872434360,650,29,1
811592,872435007,650,20,2
811656,872434749,650,21,5
811664,872435005,650,20,1
811720,872434618,650,29,3
811728,872434748,650,29,5
811784,872434616,650,29,4
811848,872435262,650,20,4
811912,872435004,650,28,2
811920,872435387,650,28,5
811976,872435001,650,28,1
811984,872435257,650,28,3
812040,872435000,650,28,4
812048,872434999,651,4,3
812104,872435644,650,27,3
812168,872435642,650,27,2
812232,872435640,650,27,1
812296,872435638,651,3,3
812360,872435897,650,27,4
812368,872436152,650,27,5
812376,872436280,650,26,1
812488,872436022,651,3,5
812616,872436408,650,26,4
812744,872436278,650,32,2
812752,872436534,650,32,4
819272,872433720,650,30,1
819280,872433718,651,6,2
819336,872433459,651,7,5
819344,872433715,651,6,1
819400,872433458,651,15,5
819408,872433712,651,14,1
819464,872433710,651,14,2
819472,872433708,651,21,2
819528,872434358,651,5,2
819536,872433974,651,6,4
819592,872433845,651,6,3
819600,872434100,651,6,5
819608,872434355,651,5,1
819656,872433840,651,14,3
819664,872434097,651,14,5
819672,872434352,651,13,1
819720,872433967,651,14,4
819728,872434350,651,13,2
819784,872434613,651,5,3
819792,872434743,651,5,5
819848,872434611,651,5,4
819912,872434609,651,13,4
819976,872434606,651,13,3
819984,872434736,651,13,5
820040,872434997,651,4,2
820104,872434995,651,4,1
820168,872434993,651,12,2
820232,872434991,651,12,1
820296,872435381,651,4,5
820304,872435637,651,3,2
820360,872435252,651,4,4
820368,872435635,651,3,1
820424,872435249,651,12,4
820432,872435633,651,11,3
820488,872435375,651,12,5
820496,872435632,651,11,2
820552,872436019,651,3,4
820680,872436016,651,11,4
820808,872436275,650,32,1
820816,872436405,650,32,3
820936,872436272,651,10,1
820944,872436402,651,10,3
827464,872433706,651,21,1
827472,872433963,651,21,4
827528,872433705,651,21,3
827536,872433703,651,27,2
827544,872433959,651,27,4
827592,872433956,651,27,3
827600,872434086,651,27,5
827656,872434083,651,31,5
827664,872434337,652,7,1
827720,872434093,651,21,5
827728,872434347,651,20,1
827784,872434345,651,20,2
827848,872434341,651,26,1
827856,872434471,651,26,3
827912,872434340,651,26,2
827920,872434724,651,26,4
827976,872434604,651,20,4
828040,872434601,651,20,3
828048,872434731,651,20,5
828104,872434727,651,26,5
828112,872434983,651,25,2
828168,872434981,651,25,1
828232,872434990,651,12,3
828240,872434989,651,19,4
828296,872434986,651,19,1
828304,872435243,651,19,3
828360,872434985,651,19,2
828368,872435369,651,19,5
828424,872435239,651,25,4
828488,872435630,651,11,1
828552,872435628,651,18,2
828616,872435626,651,18,1
828680,872435625,651,18,3
828744,872436014,651,11,5
828872,872435884,651,18,4
828880,872436137,651,18,5
828888,872436267,652,1,1
829000,872436270,651,10,2
829008,872436527,651,10,4
829128,872436397,652,1,4
835656,872434335,652,7,2
835664,872434591,652,7,3
835720,872434334,652,11,2
835728,872434590,652,11,4
835784,872434715,652,11,5
835792,872434971,652,10,1
835848,872434970,652,10,2
835856,872434969,652,17,2
835912,872434595,652,7,4
835976,872434719,652,7,5
835984,872434975,652,6,1
836040,872434974,652,10,3
836104,872435354,652,10,4
836112,872435482,652,10,5
836168,872434980,651,25,3
836176,872434978,652,6,2
836232,872435232,652,6,3
836240,872435362,652,6,5
836296,872435231,652,6,4
836304,872435616,652,5,1
836360,872435615,652,5,3
836368,872435612,652,9,1
836424,872435365,651,25,5
836432,872435621,652,3,1
836488,872435620,652,3,2
836552,872435619,652,5,2
836616,872435873,652,5,4
836624,872436127,652,5,5
836680,872435624,652,3,3
836744,872435878,652,3,4
836808,872436004,652,3,5
836816,872436260,652,2,1
836872,872436258,652,4,2
836880,872436388,652,2,3
836936,872436265,652,1,2
836944,872436263,652,2,2
837064,872436518,652,2,4
837072,872436772,652,2,5
837192,872436521,652,1,3
837200,872436651,652,1,5
837320,872436905,652,14,1
843848,872435223,652,17,4
843856,872435477,652,17,5
843912,872435605,652,16,1
843920,872435735,652,16,3
843976,872435732,652,23,4
843984,872435861,652,16,4
844040,872436242,652,22,1
844048,872436372,652,22,3
844104,872435608,652,16,2
844112,872435610,652,9,2
844168,872435992,652,16,5
844232,872436245,652,15,1
844240,872436374,652,15,2
844296,872436373,652,15,3
844304,872436630,652,15,5
844360,872435740,652,9,3
844368,872435997,652,9,5
844424,872435867,652,9,4
844432,872436250,652,8,1
844488,872436378,652,8,3
844552,872436505,652,15,4
844560,872436634,652,8,5
844616,872436255,652,4,1
844680,872436254,652,8,2
844688,872436383,652,4,3
844744,872436636,652,8,4
844808,872436890,653,28,1
844816,872437019,653,28,2
844872,872436513,652,4,4
844936,872436641,652,4,5
845000,872436895,652,33,1
845064,872437023,652,33,3
845128,872436900,652,32,2
845256,872436898,652,33,2
845264,872437156,652,32,4
845272,872437281,652,33,4
845384,872436902,652,32,1
845392,872437161,652,21,1
845400,872437158,652,32,3
845512,872437288,652,32,5
852040,872436497,652,22,4
852048,872436752,652,22,5
852056,872436880,653,34,1
852104,872437008,653,34,2
852112,872437137,653,34,3
852168,872437264,653,34,5
852176,872437520,653,38,1
852232,872437647,653,39,5
852240,872437776,653,38,4
852296,872436885,653,29,2
852360,872437012,653,34,4
852368,872437141,653,29,4
852424,872437525,653,33,2
852432,872437523,653,38,2
852488,872437781,653,33,4
852496,872437777,653,38,3
852504,872437907,653,38,5
852552,872436887,653,29,1
852560,872437017,653,29,3
852616,872437271,653,29,5
852680,872437527,653,33,1
852688,872437657,653,33,3
852744,872437911,653,33,5
852808,872437018,653,28,3
852816,872437274,653,28,4
852872,872437402,653,28,5
852880,872437530,653,32,1
852936,872437658,653,32,3
853000,872437914,653,32,5
853064,872437279,652,33,5
853128,872437535,653,31,1
853192,872437534,653,32,2
853200,872437665,653,31,3
853256,872437919,653,31,5
853264,872437916,653,32,4
853320,872437538,653,31,2
853448,872437794,653,31,4
853576,872437540,653,30,1
853584,872437669,653,30,2
853704,872437796,653,30,3
853712,872437927,653,30,4
860232,872438160,653,14,4
860240,872438158,653,15,5
860296,872438544,653,14,1
860304,872438800,653,10,5
860360,872438930,653,10,3
860368,872439059,653,10,2
860424,872439312,653,10,1
860432,872439440,654,22,5
860440,872439568,654,22,4
860488,872438165,653,9,4
860496,872438162,653,14,5
860504,872438292,653,14,3
860552,872438422,653,9,2
860560,872438546,653,14,2
860616,872438805,653,5,4
860624,872438803,653,10,4
860680,872439062,653,5,2
860744,872438167,653,9,5
860808,872438297,653,9,3
860816,872438552,653,9,1
860872,872438807,653,5,5
860936,872438937,653,5,3
860944,872439192,653,5,1
861000,872438170,653,8,5
861064,872438426,653,8,3
861128,872438556,653,8,1
861136,872438810,653,4,5
861192,872438938,653,4,4
861200,872439066,653,4,3
861256,872438175,653,7,5
861264,872438173,653,8,4
861320,872438304,653,7,3
861328,872438429,653,8,2
861384,872438559,653,7,1
861448,872438815,654,33,5
861512,872438178,653,7,4
861640,872438435,653,7,2
861768,872438180,653,6,4
861776,872438309,653,6,3
861896,872438438,653,6,2
861904,872438567,653,6,1
868424,872439572,654,22,3
868432,872439827,654,22,1
868488,872440085,654,16,4
868496,872440083,654,23,4
868552,872440215,654,16,3
868560,872440470,654,16,1
868616,872440725,654,17,5
868624,872440854,654,17,4
868680,872439575,654,15,3
868688,872439445,654,15,5
868744,872439704,654,15,2
868752,872439957,654,15,1
868808,872440087,654,16,5
868872,872440346,654,9,2
868880,872440345,654,16,2
868936,872439450,654,8,5
868944,872439448,654,15,4
869000,872439706,654,8,3
869064,872439836,654,8,1
869072,872440090,654,9,4
869128,872440092,654,9,5
869136,872440222,654,9,3
869192,872439070,653,4,2
869200,872439322,653,4,1
869256,872439453,654,8,4
869320,872439583,654,4,3
869328,872439709,654,8,2
869384,872439840,654,4,1
869448,872439071,654,33,3
869512,872439201,654,33,1
869576,872439455,654,4,5
869640,872439459,654,4,4
869704,872438820,654,32,4
869712,872438818,654,33,4
869720,872439074,654,33,2
869832,872439204,654,32,2
869840,872439460,654,2,5
869960,872438821,654,32,5
870088,872438950,654,32,3
870096,872439207,654,32,1
876616,872440858,654,10,3
876624,872440857,654,17,2
876680,872441370,654,11,5
876688,872441115,654,10,1
876744,872441629,654,11,2
876752,872441374,654,11,4
876808,872441759,654,7,2
876816,872441505,654,7,3
876872,872440730,654,10,5
876936,872440990,654,10,2
876944,872440733,654,10,4
877000,872441375,654,7,5
877008,872441119,654,6,1
877064,872441378,654,7,4
877128,872440223,654,5,3
877136,872440477,654,9,1
877192,872440735,654,6,4
877200,872440481,654,5,1
877256,872440867,654,6,3
877264,872440737,654,6,5
877320,872440868,646,25,3
877328,872441121,654,6,2
877384,872440095,654,5,5
877448,872440354,654,5,2
877456,872440099,654,5,4
877512,872440356,654,3,2
877576,872440740,646,25,5
877584,872440486,654,3,1
877640,872439716,654,2,2
877648,872439715,654,4,2
877704,872440100,654,3,5
877712,872439846,654,2,1
877768,872440103,654,3,4
877832,872440232,654,3,3
877896,872439463,654,2,4
877904,872439718,654,2,3
878024,872439722,654,1,2
878152,872439081,654,14,1
878280,872439595,654,1,3
878288,872439465,654,1,5
878296,872439339,654,21,1
884808,872442016,646,31,5
884816,872441762,654,7,1
884872,872442149,646,27,3
884880,872442020,646,27,5
884936,872442025,646,21,3
884944,872442406,646,27,2
884952,872442024,646,27,4
885000,872442284,646,21,2
885008,872442154,646,21,4
885064,872441636,646,26,2
885072,872441380,646,26,4
885128,872441768,646,26,1
885136,872441638,646,26,3
885192,872441769,646,20,2
885256,872442026,646,21,5
885264,872441772,646,20,1
885320,872440998,646,25,2
885384,872441382,646,26,5
885392,872441000,646,25,1
885448,872441514,646,20,3
885456,872441385,646,20,5
885512,872441389,646,20,4
885576,872440743,646,25,4
885640,872441001,646,19,2
885648,872440745,646,19,5
885704,872441131,646,19,1
885712,872440748,646,19,3
885768,872440878,646,12,3
885776,872440749,646,19,4
885832,872440234,646,18,3
885896,872440363,646,18,2
885960,872440365,646,18,1
886024,872440366,646,11,3
886088,872440233,646,18,4
886096,872440105,646,18,5
886104,872439851,654,1,1
886216,872440110,646,11,5
886344,872439468,654,1,4
886472,872439728,646,10,2
886480,872439598,646,10,4
