92 93 16 159 24
86 95 16 161 26
85 95 18 161 25
86 94 18 161 25
87 94 16 161 26
86 94 17 161 26
87 94 17 161 25
85 94 18 162 25
83 96 19 161 25
82 96 19 162 25
82 96 20 162 24
84 95 19 162 24
84 95 18 162 25
84 95 19 161 25
85 95 17 161 26
85 94 19 162 24
86 94 17 162 25
87 93 18 161 25
86 93 18 162 25
85 95 17 162 25
83 96 18 161 26
84 95 18 161 26
85 94 19 161 25
83 95 19 162 25
82 97 19 161 25
83 95 20 162 24
84 94 19 162 25
84 95 17 162 26
86 93 17 162 26
87 93 17 161 26
87 93 17 162 25
83 94 20 162 25
82 94 21 163 24
81 96 21 162 24
86 92 18 162 26
87 92 17 162 26
87 92 18 162 25
84 93 20 163 24
85 93 19 162 25
86 92 19 162 25
84 93 19 163 25
85 93 18 162 26
85 92 19 163 25
84 94 20 162 24
84 92 20 163 25
84 92 19 163 26
83 93 20 163 25
83 93 21 163 24
82 93 21 163 25
83 94 20 163 24
83 94 19 163 25
86 91 18 163 26
85 91 19 163 26
86 90 19 163 26
85 91 18 163 27
85 91 20 163 25
86 92 17 163 26
84 91 19 164 26
83 91 20 164 26
85 90 19 164 26
84 90 20 164 26
82 91 22 164 25
84 91 20 163 26
82 92 22 164 24
84 91 20 164 25
83 96 19 162 24
82 95 20 163 24
81 93 21 164 25
81 91 22 165 25
81 92 22 164 25
83 92 20 164 25
83 97 19 161 24
82 95 20 162 25
84 93 20 162 25
86 89 19 164 26
83 89 21 165 26
85 88 20 164 27
84 89 19 165 27
86 88 19 164 27
84 88 20 165 27
85 88 19 165 27
84 88 21 165 26
81 89 23 166 25
85 89 20 164 26
87 91 18 162 26
82 89 22 165 26
81 87 23 166 27
82 87 22 167 26
82 88 22 166 26
82 89 21 166 26
82 95 21 162 24
80 87 24 167 26
80 87 23 167 27
81 89 22 166 26
80 91 23 165 25
85 94 18 161 26
84 90 21 164 25
85 88 20 165 26
86 87 19 165 27
83 86 20 167 28
83 85 22 167 27
84 84 22 167 27
82 85 22 168 27
81 83 24 169 27
82 82 25 169 26
80 82 25 170 27
80 84 24 169 27
83 85 21 167 28
83 86 22 167 26
85 87 20 165 27
86 91 19 163 25
86 90 18 163 27
85 92 18 163 26
82 90 22 165 25
81 86 24 167 26
80 83 25 169 27
79 82 26 170 27
82 86 23 167 26
83 95 21 162 23
83 92 21 163 25
81 87 23 167 26
75 80 30 173 26
77 78 30 173 26
75 79 31 174 25
75 80 31 173 25
82 87 22 166 27
83 91 21 164 25
82 93 22 163 24
78 82 27 171 26
77 83 27 170 27
87 91 17 163 26
87 89 18 163 27
83 87 21 166 27
81 86 23 167 27
78 82 27 170 27
78 77 30 174 25
78 75 31 175 25
77 74 34 176 23
79 72 32 176 25
78 73 34 176 23
76 72 37 177 22
80 76 28 173 27
78 78 29 173 26
80 81 26 171 26
83 84 22 168 27
86 91 17 163 27
87 91 17 162 27
86 90 18 164 26
75 78 34 174 23
78 77 31 173 25
77 77 32 174 24
76 76 34 175 23
82 82 24 169 27
77 73 34 176 24
76 78 33 173 24
76 78 33 174 23
78 72 33 176 25
77 78 31 173 25
80 86 25 168 25
85 90 20 163 26
81 88 24 166 25
76 85 28 170 25
74 79 34 174 23
73 75 39 177 20
74 75 37 176 22
81 90 22 165 26
83 95 20 161 25
77 79 29 173 26
85 89 19 164 27
84 85 21 167 27
80 84 25 169 26
76 80 30 173 25
76 71 34 178 25
75 77 31 175 26
90 91 15 161 27
71 80 33 176 24
76 72 34 177 25
76 79 30 173 26
80 83 24 169 28
86 92 18 163 25
86 93 18 161 26
85 94 17 161 27
84 89 20 164 27
82 90 21 165 26
83 86 21 166 28
85 91 19 164 25
74 77 33 175 25
75 75 34 176 24
75 75 36 177 21
75 76 33 175 25
83 94 21 162 24
72 80 36 174 22
74 78 35 174 23
79 81 26 171 27
82 88 21 166 27
80 88 23 167 26
78 80 28 172 26
77 74 33 175 25
78 74 31 175 26
82 83 23 169 27
84 90 19 164 27
86 92 17 162 27
85 94 17 162 26
83 89 20 165 27
82 85 22 167 28
74 76 34 175 25
76 79 31 173 25
81 82 23 170 28
83 94 19 162 26
76 79 32 173 24
75 77 34 175 23
77 71 36 178 22
76 80 30 172 26
83 92 20 163 26
77 84 28 170 25
74 78 33 174 25
75 77 32 175 25
78 84 27 170 25
80 88 23 166 27
82 91 21 164 26
84 94 18 162 26
84 95 20 161 24
79 85 26 168 26
76 78 30 174 26
73 78 34 175 24
74 76 35 176 23
77 83 28 170 26
84 89 21 164 26
81 92 23 164 24
85 92 19 162 26
76 75 33 175 25
80 83 26 169 26
78 79 29 172 26
73 78 35 175 23
76 78 31 174 25
77 77 31 174 25
83 86 22 166 27
84 85 21 166 28
75 74 34 176 25
77 77 30 174 26
81 83 23 169 28
81 86 25 167 25
76 77 32 174 25
75 78 33 174 24
75 76 34 176 23
78 82 28 170 26
80 86 24 168 26
86 95 17 161 25
84 91 21 163 25
83 88 22 165 26
77 73 34 177 23
77 73 33 176 25
81 89 23 165 26
84 89 20 165 26
74 80 30 174 26
78 79 28 172 27
78 70 34 177 25
78 81 25 171 29
76 72 34 178 24
84 92 21 163 24
80 88 24 167 25
80 85 24 168 27
70 75 41 177 21
74 78 33 175 24
74 77 34 175 24
70 77 39 177 21
75 77 33 175 24
76 81 31 172 24
83 90 21 164 26
76 71 37 178 22
82 87 23 166 26
79 83 26 170 26
77 78 30 174 25
76 72 36 177 23
76 76 33 176 23
81 85 24 168 26
84 85 22 166 27
83 87 22 166 26
77 76 31 175 25
78 71 34 177 24
77 71 34 178 24
78 76 28 174 28
83 87 20 166 28
86 86 19 166 27
76 82 30 171 25
76 80 32 172 24
76 82 29 171 26
81 90 23 165 25
83 95 18 162 26
82 86 22 167 27
78 83 26 170 27
79 84 25 169 27
82 84 23 168 27
81 85 23 168 27
79 84 26 169 26
80 83 24 170 27
81 82 25 169 27
78 83 27 170 26
86 89 18 164 27
84 87 20 166 27
81 97 20 162 24
82 91 23 164 24
82 90 22 164 26
79 87 25 167 26
87 90 18 163 26
88 91 17 162 26
84 96 17 161 26
81 97 21 162 23
82 92 21 164 25
82 97 20 161 24
85 92 20 162 25
88 92 16 162 26
84 93 19 162 26
83 93 19 163 26
85 95 19 161 24
83 96 18 162 25
86 94 16 162 26
81 97 19 162 25
83 96 20 161 24
84 96 19 161 24
85 95 18 162 24
84 94 16 162 28
83 96 20 162 23
86 94 19 161 24
81 95 21 163 24
84 93 18 163 26
81 94 22 163 24
80 94 23 164 23
84 96 18 161 25
85 90 21 164 24
88 92 17 162 25
85 90 20 164 25
84 91 21 164 24
85 93 20 162 24
83 92 22 163 24
80 93 23 164 24
81 91 23 165 24
82 90 23 165 24
83 91 22 164 24
83 89 22 165 25
83 88 21 166 26
81 88 25 166 24
85 89 19 165 26
86 89 20 164 25
82 89 23 165 25
81 87 24 167 25
80 87 25 167 25
82 88 23 166 25
83 92 21 164 24
83 96 21 161 23
80 89 24 166 25
82 93 21 164 24
86 90 20 163 25
83 88 23 165 25
84 87 22 165 26
82 86 25 167 24
82 85 24 168 25
81 84 26 168 25
84 83 24 167 26
80 82 29 169 24
82 81 28 170 23
83 80 26 170 25
83 83 27 168 23
85 83 23 167 26
82 83 25 169 25
84 83 24 168 25
82 88 24 166 24
83 87 23 166 25
84 89 21 165 25
80 85 27 168 24
80 82 29 170 23
81 82 28 169 24
77 88 29 168 22
80 87 26 167 24
81 80 35 170 18
81 80 34 170 19
81 79 34 171 19
82 80 35 170 17
78 87 27 168 24
81 89 24 165 25
79 83 32 170 20
81 82 30 169 22
87 91 18 163 25
87 89 18 164 26
84 88 22 165 25
84 83 23 168 26
82 81 29 170 22
85 78 32 170 19
88 77 30 170 19
89 81 32 166 16
94 81 31 164 14
94 79 32 165 14
91 84 32 165 12
87 78 32 169 18
83 80 32 169 20
84 78 31 170 21
85 82 24 168 25
83 83 25 168 25
85 86 21 166 26
84 81 26 168 25
98 87 27 160 12
96 88 29 159 12
99 88 27 158 12
96 86 30 161 11
83 79 31 170 21
91 77 33 168 15
88 87 30 163 16
97 90 27 158 12
93 83 31 163 14
81 86 25 168 24
79 87 26 167 25
94 85 32 162 11
89 84 33 164 14
85 78 36 169 16
81 80 32 170 21
81 85 25 168 25
82 79 33 170 20
83 85 23 167 26
81 83 27 169 24
82 80 33 170 19
91 81 33 166 13
93 86 25 163 17
85 91 17 164 27
93 79 32 165 15
81 81 31 170 21
83 84 23 167 27
89 89 27 164 15
83 85 24 167 25
84 87 22 166 25
82 78 35 171 18
91 83 33 165 12
88 90 18 163 25
95 85 30 162 12
85 79 34 169 17
84 88 23 164 25
80 86 26 168 24
80 83 30 169 22
94 89 31 159 11
94 88 32 161 9
80 80 32 170 22
81 85 26 168 24
81 89 24 166 24
82 87 24 166 25
83 78 31 170 22
92 82 32 165 13
97 86 28 159 14
85 80 31 169 19
84 80 25 169 26
82 86 24 167 25
85 87 21 165 26
85 88 21 165 25
91 86 33 162 12
94 86 32 160 12
83 80 27 170 24
82 94 21 162 25
85 79 31 169 20
92 83 31 164 14
94 88 32 160 10
81 79 33 171 20
83 88 22 166 25
81 87 25 167 24
81 85 28 168 22
97 89 29 159 10
93 84 31 162 14
81 81 29 170 23
81 79 35 171 18
95 87 31 160 11
97 85 30 161 11
82 80 32 170 20
80 82 31 170 21
83 90 21 165 25
82 84 26 168 24
96 84 30 162 12
81 82 29 169 23
80 80 33 170 21
92 81 32 165 14
98 88 29 159 10
82 79 35 170 18
83 84 24 168 25
95 82 30 165 12
93 81 30 165 15
82 82 28 169 23
83 90 22 165 24
82 84 25 168 25
82 82 29 169 22
94 85 31 161 13
93 90 32 159 10
85 79 37 169 14
82 79 31 170 22
82 89 23 166 24
93 79 34 164 14
94 82 32 162 14
83 82 26 169 24
95 84 26 164 15
85 91 23 163 22
84 84 24 167 25
84 87 21 166 26
85 90 19 163 27
85 84 22 167 26
84 79 29 170 22
93 78 32 166 15
97 89 28 160 10
92 80 32 166 14
83 80 35 169 17
84 82 24 168 26
88 91 18 162 25
79 87 27 167 24
79 83 30 169 23
84 78 34 170 18
90 82 34 165 13
95 85 30 163 11
96 86 30 159 13
95 86 31 160 12
81 81 36 169 17
82 85 25 167 25
80 89 25 166 24
94 77 32 167 14
95 88 31 159 11
99 88 30 158 9
100 86 27 160 11
98 87 28 160 11
91 79 33 167 14
80 81 33 170 20
83 81 28 169 23
83 80 31 169 21
92 79 33 167 13
89 77 34 168 16
84 78 31 169 22
79 82 29 170 24
83 85 25 167 24
87 78 31 169 19
93 80 31 164 16
93 81 31 165 14
88 76 31 169 20
82 84 24 168 26
87 86 20 165 26
81 93 22 164 24
78 83 30 170 23
80 80 34 171 19
82 78 32 171 21
84 78 33 170 19
84 79 33 170 18
81 81 32 170 20
83 86 23 166 26
79 83 28 170 24
82 82 27 169 24
82 89 24 165 24
82 84 27 168 23
83 81 26 169 25
85 83 23 168 25
83 84 25 168 24
85 84 23 167 25
79 92 24 165 24
82 87 24 167 24
82 89 22 166 25
83 90 23 164 24
86 87 20 165 26
86 88 19 165 26
84 90 22 164 24
82 91 22 165 24
87 91 19 162 25
87 93 16 162 26
88 90 17 162 27
87 90 19 163 25
83 94 18 163 26
81 94 21 163 25
81 95 22 163 23
82 96 20 161 25
85 95 16 161 27
86 93 19 162 24
87 93 16 161 27
86 94 16 161 27
86 93 19 161 25
82 96 21 162 23
92 92 17 160 23
92 92 19 159 22
92 91 18 160 23
92 91 19 160 22
92 91 21 159 21
93 91 17 160 23
93 92 18 159 22
92 91 20 159 22
92 92 16 160 24
92 92 18 159 23
92 92 20 159 21
92 91 17 160 24
93 92 17 159 23
92 92 18 160 22
93 91 20 159 21
93 91 18 160 22
93 91 18 159 23
92 92 15 160 25
92 92 17 159 24
93 92 14 160 25
92 91 19 159 23
93 91 19 159 22
92 91 20 160 21
93 92 16 160 23
92 91 16 161 24
93 92 15 160 24
92 91 16 160 25
93 92 16 159 24
92 92 14 161 25
93 92 19 159 21
93 91 16 160 24
93 92 19 158 22
92 93 17 159 23
92 93 18 159 22
90 93 20 159 22
93 93 16 159 23
92 92 14 160 26
92 90 18 161 23
92 91 17 161 23
92 91 13 160 28
93 92 20 158 21
91 92 20 159 22
91 91 20 160 22
92 91 15 161 25
92 90 17 161 24
92 92 15 161 24
92 92 21 159 20
91 92 19 160 22
91 91 21 160 21
92 91 18 161 22
93 91 15 160 25
92 92 16 159 25
92 93 15 160 24
